1; 0; 1; 795
1; 0; 2; 8361
1; 0; 3; 4631
1; 0; 4; 603
1; 0; 5; 6168
1; 0; 6; 31267
1; 0; 7; 19836
1; 0; 8; 2091
1; 0; 9; 4845
1; 0; 10; 4749
1; 0; 11; 30809
1; 0; 12; 19546
1; 0; 13; 15272
1; 0; 14; 6289
1; 0; 15; 5126
1; 0; 16; 24078
1; 0; 17; 1181
1; 0; 18; 5636
1; 0; 19; 325
1; 0; 20; 8413
1; 0; 21; 7104
1; 0; 22; 5114
1; 0; 23; 2832
1; 0; 24; 5048
1; 0; 25; 6010
1; 0; 26; 5856
1; 0; 27; 4773
1; 0; 28; 5141
1; 0; 29; 32568
1; 0; 30; 4775
1; 0; 31; 4831
1; 0; 32; 5111
1; 0; 33; 22296
1; 0; 34; 20231
1; 0; 35; 8368
1; 0; 36; 1625
1; 0; 37; 2680
1; 0; 38; 20512
1; 0; 39; 4974
1; 0; 40; 18872
1; 0; 41; 3292
1; 0; 42; 2682
1; 0; 43; 34458
1; 0; 44; 32823
1; 0; 45; 33532
1; 0; 46; 32809
1; 0; 47; 4823
1; 0; 48; 4949
1; 0; 49; 4774
1; 0; 50; 3140
1; 0; 51; 6503
1; 0; 52; 31663
1; 0; 53; 6587
1; 0; 54; 4800
1; 0; 55; 4907
1; 0; 56; 892
1; 0; 57; 2627
1; 0; 58; 6315
1; 0; 59; 4851
1; 0; 60; 5205
1; 0; 61; 23596
1; 0; 62; 29032
1; 0; 63; 114
1; 0; 64; 30730
1; 0; 65; 5209
1; 0; 66; 2500
1; 0; 67; 16908
1; 0; 68; 28516
1; 0; 69; 16575
1; 0; 70; 406
1; 0; 71; 16919
1; 0; 72; 4579
1; 0; 73; 22704
1; 0; 74; 1726
1; 0; 75; 6498
1; 0; 76; 27965
1; 0; 77; 7492
1; 0; 78; 26515
1; 0; 79; 15767
1; 0; 80; 15074
1; 0; 81; 1212
1; 0; 82; 30026
1; 0; 83; 4782
1; 0; 84; 26836
1; 0; 85; 8365
1; 0; 86; 34762
1; 0; 87; 26241
1; 0; 88; 7309
1; 0; 89; 1585
1; 0; 90; 4950
1; 0; 91; 5542
1; 0; 92; 5232
1; 0; 93; 7772
1; 0; 94; 4842
1; 0; 95; 34672
1; 0; 96; 1854
1; 0; 97; 3223
1; 0; 98; 0
2; 0; 99; 25188
2; 0; 100; 1594
2; 0; 101; 33666
2; 0; 102; 25213
2; 0; 103; 6771
2; 0; 104; 28784
2; 0; 105; 3219
2; 0; 106; 24043
2; 0; 107; 21343
2; 0; 108; 32774
2; 0; 109; 1374
2; 0; 110; 31661
2; 0; 111; 31658
2; 0; 112; 5053
2; 0; 113; 4235
2; 0; 114; 33849
2; 0; 115; 7941
2; 0; 116; 20690
2; 0; 117; 5204
2; 0; 118; 4985
2; 0; 119; 4981
2; 0; 120; 2334
2; 0; 121; 5832
2; 0; 122; 4955
2; 0; 123; 5170
2; 0; 124; 29250
2; 0; 125; 29035
2; 0; 126; 5190
2; 0; 127; 8319
2; 0; 128; 15487
2; 0; 129; 4857
2; 0; 130; 4824
2; 0; 131; 5176
2; 0; 132; 5105
2; 0; 133; 4945
2; 0; 134; 5175
2; 0; 135; 5983
2; 0; 136; 5239
2; 0; 137; 4957
2; 0; 138; 8412
2; 0; 139; 5061
2; 0; 140; 19155
2; 0; 141; 5109
2; 0; 142; 5571
2; 0; 143; 5152
2; 0; 144; 5107
2; 0; 145; 5144
2; 0; 146; 5058
2; 0; 147; 30528
2; 0; 148; 19087
2; 0; 149; 4772
2; 0; 150; 6359
2; 0; 151; 4991
2; 0; 152; 4740
2; 0; 153; 6809
2; 0; 154; 895
2; 0; 155; 4844
2; 0; 156; 15458
2; 0; 157; 5092
2; 0; 158; 5166
2; 0; 159; 4796
2; 0; 160; 2300
2; 0; 161; 15426
2; 0; 162; 4911
2; 0; 163; 1771
2; 0; 164; 4958
2; 0; 165; 5018
2; 0; 166; 4978
2; 0; 167; 24162
2; 0; 168; 34739
2; 0; 169; 2539
2; 0; 170; 2757
2; 0; 171; 4748
2; 0; 172; 23070
2; 0; 173; 17201
2; 0; 174; 3205
2; 0; 175; 4751
2; 0; 176; 34878
2; 0; 177; 6286
2; 0; 178; 4750
2; 0; 179; 5787
2; 0; 180; 5015
2; 0; 181; 6224
2; 0; 182; 4875
2; 0; 183; 1407
2; 0; 184; 27613
2; 0; 185; 6925
2; 0; 186; 32702
2; 0; 187; 5056
2; 0; 188; 1959
2; 0; 189; 34121
2; 0; 190; 7480
2; 0; 191; 4752
2; 0; 192; 19697
2; 0; 193; 4838
2; 0; 194; 19987
2; 0; 195; 2353
2; 0; 196; 4992
2; 0; 197; 5128
2; 0; 198; 1663
2; 0; 199; 29266
2; 0; 200; 6887
2; 0; 201; 8030
2; 0; 202; 6316
2; 0; 203; 28315
2; 0; 204; 820
2; 0; 205; 8211
2; 0; 206; 5131
2; 0; 207; 28082
2; 0; 208; 0
1; 1; 1; 538
1; 1; 2; 1000
1; 1; 3; 572
1; 1; 4; 34199
1; 1; 5; 32876
1; 1; 6; 32300
1; 1; 7; 15674
1; 1; 8; 30411
1; 1; 9; 526
1; 1; 10; 33206
1; 1; 11; 550
1; 1; 12; 5682
1; 1; 13; 7072
1; 1; 14; 8290
1; 1; 15; 1324
1; 1; 16; 25776
1; 1; 17; 26046
1; 1; 18; 573
1; 1; 19; 7237
1; 1; 20; 33976
1; 1; 21; 33947
1; 1; 22; 537
1; 1; 23; 7040
1; 1; 24; 1720
1; 1; 25; 32127
1; 1; 26; 34593
1; 1; 27; 7437
1; 1; 28; 7314
1; 1; 29; 1517
1; 1; 30; 23726
1; 1; 31; 34646
1; 1; 32; 34650
1; 1; 33; 7315
1; 1; 34; 5264
1; 1; 35; 7730
1; 1; 36; 25920
1; 1; 37; 2188
1; 1; 38; 24528
1; 1; 39; 32946
1; 1; 40; 2949
1; 1; 41; 0
2; 1; 42; 4734
2; 1; 43; 33236
2; 1; 44; 28899
2; 1; 45; 28825
2; 1; 46; 32889
2; 1; 47; 4910
2; 1; 48; 4987
2; 1; 49; 31461
2; 1; 50; 29921
2; 1; 51; 8410
2; 1; 52; 1772
2; 1; 53; 4904
2; 1; 54; 32606
2; 1; 55; 2314
2; 1; 56; 576
2; 1; 57; 20793
2; 1; 58; 29895
2; 1; 59; 30229
2; 1; 60; 17095
2; 1; 61; 5362
2; 1; 62; 17969
2; 1; 63; 25969
2; 1; 64; 15760
2; 1; 65; 33211
2; 1; 66; 5201
2; 1; 67; 6888
2; 1; 68; 26054
2; 1; 69; 1734
2; 1; 70; 1727
2; 1; 71; 30969
2; 1; 72; 31679
2; 1; 73; 1805
2; 1; 74; 1745
2; 1; 75; 7308
2; 1; 76; 5351
2; 1; 77; 34219
2; 1; 78; 1760
2; 1; 79; 2698
2; 1; 80; 32601
2; 1; 81; 122
2; 1; 82; 30152
2; 1; 83; 8141
2; 1; 84; 4798
2; 1; 85; 4763
2; 1; 86; 4884
2; 1; 87; 4879
2; 1; 88; 5407
2; 1; 89; 1728
2; 1; 90; 5010
2; 1; 91; 5189
2; 1; 92; 26079
2; 1; 93; 34910
2; 1; 94; 15940
2; 1; 95; 31898
2; 1; 96; 34679
2; 1; 97; 4969
2; 1; 98; 7953
2; 1; 99; 32285
2; 1; 100; 15825
2; 1; 101; 5012
2; 1; 102; 5159
2; 1; 103; 22342
2; 1; 104; 1824
2; 1; 105; 6865
2; 1; 106; 6249
2; 1; 107; 2621
2; 1; 108; 30710
2; 1; 109; 32778
2; 1; 110; 30968
2; 1; 111; 25195
2; 1; 112; 5788
2; 1; 113; 21276
2; 1; 114; 21807
2; 1; 115; 33425
2; 1; 116; 31023
2; 1; 117; 5221
2; 1; 118; 5093
2; 1; 119; 1888
2; 1; 120; 17262
2; 1; 121; 25860
2; 1; 122; 7300
2; 1; 123; 7740
2; 1; 124; 4780
2; 1; 125; 24120
2; 1; 126; 5009
2; 1; 127; 28289
2; 1; 128; 1758
2; 1; 129; 18
2; 1; 130; 29730
2; 1; 131; 5202
2; 1; 132; 5729
2; 1; 133; 4956
2; 1; 134; 4977
2; 1; 135; 7161
2; 1; 136; 6340
2; 1; 137; 5226
2; 1; 138; 23728
2; 1; 139; 0
1; 2; 1; 33346
1; 2; 2; 2836
1; 2; 3; 31020
1; 2; 4; 21335
1; 2; 5; 33666
1; 2; 6; 4829
1; 2; 7; 31658
1; 2; 8; 5063
1; 2; 9; 4767
1; 2; 10; 7617
1; 2; 11; 4815
1; 2; 12; 875
1; 2; 13; 7371
1; 2; 14; 7365
1; 2; 15; 16960
1; 2; 16; 7372
1; 2; 17; 7373
1; 2; 18; 7370
1; 2; 19; 887
1; 2; 20; 26248
1; 2; 21; 730
1; 2; 22; 30872
1; 2; 23; 32538
1; 2; 24; 907
1; 2; 25; 908
1; 2; 26; 27189
1; 2; 27; 32560
1; 2; 28; 1774
1; 2; 29; 2100
1; 2; 30; 0
2; 2; 31; 31661
2; 2; 32; 31663
2; 2; 33; 3018
2; 2; 34; 5215
2; 2; 35; 30812
2; 2; 36; 25745
2; 2; 37; 1040
2; 2; 38; 812
2; 2; 39; 33996
2; 2; 40; 956
2; 2; 41; 8188
2; 2; 42; 31323
2; 2; 43; 960
2; 2; 44; 7424
2; 2; 45; 747
2; 2; 46; 7070
2; 2; 47; 642
2; 2; 48; 1043
2; 2; 49; 880
2; 2; 50; 5473
2; 2; 51; 7720
2; 2; 52; 20412
2; 2; 53; 7374
2; 2; 54; 883
2; 2; 55; 1241
2; 2; 56; 31588
2; 2; 57; 18887
2; 2; 58; 1603
2; 2; 59; 34504
2; 2; 60; 1590
2; 2; 61; 3045
2; 2; 62; 933
2; 2; 63; 26706
2; 2; 64; 24295
2; 2; 65; 30149
2; 2; 66; 836
2; 2; 67; 4618
2; 2; 68; 34366
2; 2; 69; 29885
2; 2; 70; 1211
2; 2; 71; 33926
2; 2; 72; 1273
2; 2; 73; 2939
2; 2; 74; 33162
2; 2; 75; 8497
2; 2; 76; 26070
2; 2; 77; 30089
2; 2; 78; 1334
2; 2; 79; 1066
2; 2; 80; 1267
2; 2; 81; 31900
2; 2; 82; 16326
2; 2; 83; 3141
2; 2; 84; 1269
2; 2; 85; 23852
2; 2; 86; 1278
2; 2; 87; 851
2; 2; 88; 30365
2; 2; 89; 1506
2; 2; 90; 6654
2; 2; 91; 26190
2; 2; 92; 26401
2; 2; 93; 2516
2; 2; 94; 29893
2; 2; 95; 18009
2; 2; 96; 8331
2; 2; 97; 1083
2; 2; 98; 1254
2; 2; 99; 34050
2; 2; 100; 891
2; 2; 101; 24294
2; 2; 102; 31904
2; 2; 103; 24046
2; 2; 104; 24044
2; 2; 105; 20963
2; 2; 106; 32973
2; 2; 107; 32864
2; 2; 108; 1924
2; 2; 109; 778
2; 2; 110; 882
2; 2; 111; 7184
2; 2; 112; 16062
2; 2; 113; 17714
2; 2; 114; 23086
2; 2; 115; 6274
2; 2; 116; 30075
2; 2; 117; 3197
2; 2; 118; 19168
2; 2; 119; 4359
2; 2; 120; 395
2; 2; 121; 30440
2; 2; 122; 5794
2; 2; 123; 34343
2; 2; 124; 17733
2; 2; 125; 24330
2; 2; 126; 6270
2; 2; 127; 30863
2; 2; 128; 33954
2; 2; 129; 203
2; 2; 130; 204
2; 2; 131; 24449
2; 2; 132; 256
2; 2; 133; 20255
2; 2; 134; 4337
2; 2; 135; 1213
2; 2; 136; 162
2; 2; 137; 733
2; 2; 138; 24882
2; 2; 139; 15911
2; 2; 140; 8363
2; 2; 141; 972
2; 2; 142; 4986
2; 2; 143; 0
1; 3; 1; 2839
1; 3; 2; 0
2; 3; 3; 363
2; 3; 4; 6587
2; 3; 5; 21967
2; 3; 6; 23810
2; 3; 7; 4926
2; 3; 8; 4814
2; 3; 9; 34582
2; 3; 10; 4878
2; 3; 11; 5037
2; 3; 12; 34288
2; 3; 13; 5139
2; 3; 14; 19000
2; 3; 15; 1188
2; 3; 16; 33104
2; 3; 17; 7747
2; 3; 18; 7753
2; 3; 19; 1602
2; 3; 20; 27700
2; 3; 21; 1065
2; 3; 22; 1064
2; 3; 23; 34814
2; 3; 24; 936
2; 3; 25; 4201
2; 3; 26; 2456
2; 3; 27; 1069
2; 3; 28; 27137
2; 3; 29; 1085
2; 3; 30; 30382
2; 3; 31; 930
2; 3; 32; 30165
2; 3; 33; 1221
2; 3; 34; 32895
2; 3; 35; 23922
2; 3; 36; 29087
2; 3; 37; 7694
2; 3; 38; 32694
2; 3; 39; 508
2; 3; 40; 7505
2; 3; 41; 701
2; 3; 42; 22483
2; 3; 43; 20328
2; 3; 44; 835
2; 3; 45; 8233
2; 3; 46; 7979
2; 3; 47; 5970
2; 3; 48; 23037
2; 3; 49; 1335
2; 3; 50; 1332
2; 3; 51; 2728
2; 3; 52; 5791
2; 3; 53; 1264
2; 3; 54; 33985
2; 3; 55; 25465
2; 3; 56; 22147
2; 3; 57; 30383
2; 3; 58; 22771
2; 3; 59; 18006
2; 3; 60; 24461
2; 3; 61; 21300
2; 3; 62; 15168
2; 3; 63; 29204
2; 3; 64; 1280
2; 3; 65; 5679
2; 3; 66; 17541
2; 3; 67; 1256
2; 3; 68; 24358
2; 3; 69; 15265
2; 3; 70; 33827
2; 3; 71; 5793
2; 3; 72; 31441
2; 3; 73; 7137
2; 3; 74; 32168
2; 3; 75; 4487
2; 3; 76; 34424
2; 3; 77; 817
2; 3; 78; 34306
2; 3; 79; 7083
2; 3; 80; 23990
2; 3; 81; 8584
2; 3; 82; 8272
2; 3; 83; 34486
2; 3; 84; 23890
2; 3; 85; 1731
2; 3; 86; 16093
2; 3; 87; 17665
2; 3; 88; 811
2; 3; 89; 1669
2; 3; 90; 23955
2; 3; 91; 15180
2; 3; 92; 34612
2; 3; 93; 16759
2; 3; 94; 30824
2; 3; 95; 7980
2; 3; 96; 34669
2; 3; 97; 16132
2; 3; 98; 4234
2; 3; 99; 839
2; 3; 100; 31151
2; 3; 101; 29175
2; 3; 102; 34762
2; 3; 103; 4935
2; 3; 104; 27327
2; 3; 105; 0
1; 4; 1; 31663
1; 4; 2; 6828
1; 4; 3; 1223
1; 4; 4; 6360
1; 4; 5; 1312
1; 4; 6; 3134
1; 4; 7; 751
1; 4; 8; 31961
1; 4; 9; 1272
1; 4; 10; 1063
1; 4; 11; 2652
1; 4; 12; 33781
1; 4; 13; 25584
1; 4; 14; 1007
1; 4; 15; 23110
1; 4; 16; 7316
1; 4; 17; 6955
1; 4; 18; 6478
1; 4; 19; 1017
1; 4; 20; 34650
1; 4; 21; 23726
1; 4; 22; 1067
1; 4; 23; 1583
1; 4; 24; 15674
1; 4; 25; 2740
1; 4; 26; 6248
1; 4; 27; 34646
1; 4; 28; 26046
1; 4; 29; 2188
1; 4; 30; 33236
1; 4; 31; 0
2; 4; 32; 31661
2; 4; 33; 361
2; 4; 34; 33666
2; 4; 35; 7774
2; 4; 36; 2688
2; 4; 37; 23728
2; 4; 38; 2184
2; 4; 39; 5038
2; 4; 40; 3349
2; 4; 41; 33024
2; 4; 42; 5929
2; 4; 43; 19377
2; 4; 44; 5219
2; 4; 45; 1764
2; 4; 46; 7308
2; 4; 47; 30370
2; 4; 48; 1895
2; 4; 49; 4896
2; 4; 50; 1755
2; 4; 51; 15142
2; 4; 52; 7740
2; 4; 53; 4804
2; 4; 54; 25678
2; 4; 55; 31279
2; 4; 56; 7953
2; 4; 57; 4763
2; 4; 58; 18
2; 4; 59; 5224
2; 4; 60; 26079
2; 4; 61; 3003
2; 4; 62; 6136
2; 4; 63; 16697
2; 4; 64; 26064
2; 4; 65; 16607
2; 4; 66; 6272
2; 4; 67; 1875
2; 4; 68; 5142
2; 4; 69; 5082
2; 4; 70; 31913
2; 4; 71; 6144
2; 4; 72; 5564
2; 4; 73; 1876
2; 4; 74; 1826
2; 4; 75; 7541
2; 4; 76; 4895
2; 4; 77; 338
2; 4; 78; 4816
2; 4; 79; 5011
2; 4; 80; 5861
2; 4; 81; 25100
2; 4; 82; 5178
2; 4; 83; 4755
2; 4; 84; 8414
2; 4; 85; 1751
2; 4; 86; 5550
2; 4; 87; 24125
2; 4; 88; 4766
2; 4; 89; 5127
2; 4; 90; 5052
2; 4; 91; 4903
2; 4; 92; 5050
2; 4; 93; 31548
2; 4; 94; 4783
2; 4; 95; 1739
2; 4; 96; 6603
2; 4; 97; 20010
2; 4; 98; 1995
2; 4; 99; 30875
2; 4; 100; 4970
2; 4; 101; 4934
2; 4; 102; 24120
2; 4; 103; 4350
2; 4; 104; 4753
2; 4; 105; 4994
2; 4; 106; 5055
2; 4; 107; 5097
2; 4; 108; 5017
2; 4; 109; 22171
2; 4; 110; 5116
2; 4; 111; 17907
2; 4; 112; 6147
2; 4; 113; 28819
2; 4; 114; 29509
2; 4; 115; 2316
2; 4; 116; 5005
2; 4; 117; 8244
2; 4; 118; 6395
2; 4; 119; 1601
2; 4; 120; 5804
2; 4; 121; 1903
2; 4; 122; 31658
2; 4; 123; 24021
2; 4; 124; 33686
2; 4; 125; 2699
2; 4; 126; 20215
2; 4; 127; 0
