1; 0; 830; 30383
1; 0; 620; 23110
1; 0; 684; 1337
1; 0; 43; 21147
1; 0; 781; 1280
1; 0; 256; 32823
1; 0; 753; 26862
1; 0; 121; 932
1; 0; 287; 0
2; 0; 205; 5636
2; 0; 848; 28985
2; 0; 275; 4945
2; 0; 564; 5142
2; 0; 490; 16919
2; 0; 287; 0
1; 1; 903; 33951
1; 1; 613; 32735
1; 1; 940; 31441
1; 1; 1008; 880
1; 1; 470; 6498
1; 1; 288; 25188
1; 1; 287; 0
2; 1; 1050; 30164
2; 1; 770; 18887
2; 1; 754; 1278
2; 1; 799; 1241
2; 1; 434; 29266
2; 1; 630; 5229
2; 1; 959; 31507
2; 1; 287; 0
1; 2; 433; 4783
1; 2; 451; 2353
1; 2; 740; 20963
1; 2; 142; 28987
1; 2; 898; 395
1; 2; 156; 24306
1; 2; 935; 30157
1; 2; 351; 5888
1; 2; 554; 4895
1; 2; 502; 27965
1; 2; 287; 0
2; 2; 632; 31188
2; 2; 1068; 4088
2; 2; 480; 30026
2; 2; 136; 941
2; 2; 168; 25969
2; 2; 710; 23852
2; 2; 831; 8971
2; 2; 974; 30382
2; 2; 287; 0
1; 3; 815; 28007
1; 3; 962; 33840
1; 3; 195; 5832
1; 3; 353; 4884
1; 3; 626; 8234
1; 3; 840; 29398
1; 3; 17; 1184
1; 3; 287; 0
2; 3; 498; 25213
2; 3; 145; 17439
2; 3; 921; 16067
2; 3; 907; 19441
2; 3; 1088; 7472
2; 3; 460; 5190
2; 3; 428; 4755
2; 3; 152; 4721
2; 3; 135; 942
2; 3; 807; 23621
2; 3; 539; 32559
2; 3; 737; 1256
2; 3; 343; 5005
2; 3; 351; 7211
2; 3; 305; 5017
2; 3; 287; 0
1; 4; 262; 24021
1; 4; 35; 317
1; 4; 813; 8333
1; 4; 382; 4911
1; 4; 406; 26054
1; 4; 306; 4798
1; 4; 1096; 935
1; 4; 258; 5131
1; 4; 287; 0
2; 4; 40; 909
2; 4; 558; 338
2; 4; 128; 964
2; 4; 604; 8201
2; 4; 341; 5015
2; 4; 236; 2627
2; 4; 251; 3140
2; 4; 374; 22296
2; 4; 251; 4746
2; 4; 287; 0
