1; 0; 1; 2091
1; 0; 2; 23155
1; 0; 3; 30375
1; 0; 4; 1506
1; 0; 5; 1826
1; 0; 6; 0
2; 0; 7; 30809
2; 0; 8; 5097
2; 0; 9; 31588
2; 0; 10; 16062
2; 0; 11; 1720
2; 0; 12; 6217
2; 0; 13; 21807
2; 0; 14; 6168
2; 0; 15; 5983
2; 0; 16; 808
2; 0; 17; 28125
2; 0; 18; 4986
2; 0; 19; 1959
2; 0; 20; 18996
2; 0; 21; 7753
2; 0; 22; 1278
2; 0; 23; 5882
2; 0; 24; 25704
2; 0; 25; 32946
2; 0; 26; 32746
2; 0; 27; 0
1; 0; 28; 3115
1; 0; 29; 34825
1; 0; 30; 8607
1; 0; 31; 33996
1; 0; 32; 3223
1; 0; 33; 16580
1; 0; 34; 4825
1; 0; 35; 26862
1; 0; 36; 23086
1; 0; 37; 33666
1; 0; 38; 8497
1; 0; 39; 31833
1; 0; 40; 6139
1; 0; 41; 19377
1; 0; 42; 24125
1; 0; 43; 21839
1; 0; 44; 783
1; 0; 45; 29839
1; 0; 46; 4804
1; 0; 47; 34288
1; 0; 48; 4235
1; 0; 49; 33849
1; 0; 50; 34306
1; 1; 51; 0
2; 0; 52; 25188
2; 0; 53; 21343
2; 0; 54; 31658
2; 0; 55; 25908
2; 0; 56; 2314
2; 0; 57; 1007
2; 0; 58; 26079
2; 0; 59; 2306
2; 0; 60; 996
2; 1; 61; 0
1; 1; 1; 34111
1; 1; 2; 25082
1; 1; 3; 5804
1; 1; 4; 5131
1; 1; 5; 701
1; 1; 6; 1256
1; 2; 7; 0
2; 1; 8; 32985
2; 1; 9; 34458
2; 1; 10; 2539
2; 1; 11; 6503
2; 1; 12; 33947
2; 1; 13; 4749
2; 1; 14; 30875
2; 1; 15; 1758
2; 1; 16; 32601
2; 1; 17; 8202
2; 1; 18; 5128
2; 1; 19; 15945
2; 1; 20; 2714
2; 1; 21; 5006
2; 1; 22; 4881
2; 1; 23; 1772
2; 2; 24; 0
1; 1; 25; 29730
1; 1; 26; 8244
1; 1; 27; 5111
1; 1; 28; 17541
1; 1; 29; 22184
1; 1; 30; 16919
1; 1; 31; 32973
1; 1; 32; 23876
1; 1; 33; 1247
1; 1; 34; 4088
1; 1; 35; 34910
1; 1; 36; 6255
1; 1; 37; 7618
1; 1; 38; 2184
1; 1; 39; 1374
1; 1; 40; 7492
1; 1; 41; 2740
1; 1; 42; 28022
1; 1; 43; 5036
1; 1; 44; 5793
1; 1; 45; 34504
1; 1; 46; 810
1; 3; 47; 0
2; 1; 48; 27327
2; 1; 49; 26515
2; 1; 50; 16661
2; 1; 51; 8331
2; 1; 52; 7709
2; 1; 53; 18006
2; 1; 54; 846
2; 1; 55; 5296
2; 1; 56; 23110
2; 1; 57; 5339
2; 1; 58; 32562
2; 1; 59; 34593
2; 1; 60; 4328
2; 1; 61; 34050
2; 1; 62; 4359
2; 3; 63; 0
1; 2; 1; 5053
1; 2; 2; 34219
1; 2; 3; 30089
1; 2; 4; 733
1; 2; 5; 30352
1; 2; 6; 7706
1; 2; 7; 20457
1; 2; 8; 2688
1; 2; 9; 34672
1; 2; 10; 32127
1; 2; 11; 584
1; 2; 12; 624
1; 2; 13; 836
1; 2; 14; 26070
1; 2; 15; 26265
1; 2; 16; 1745
1; 2; 17; 203
1; 2; 18; 844
1; 2; 19; 26054
1; 2; 20; 28315
1; 2; 21; 21335
1; 2; 22; 25100
1; 2; 23; 31961
1; 2; 24; 6321
1; 2; 25; 1728
1; 2; 26; 18872
1; 4; 27; 0
2; 2; 28; 317
2; 2; 29; 15074
2; 2; 30; 7541
2; 2; 31; 7161
2; 2; 32; 29975
2; 4; 33; 0
1; 2; 34; 8234
1; 2; 35; 9016
1; 2; 36; 33666
1; 5; 37; 0
2; 2; 38; 6771
2; 2; 39; 8409
2; 2; 40; 7314
2; 2; 41; 4755
2; 2; 42; 27124
2; 2; 43; 27965
2; 2; 44; 1875
2; 2; 45; 1066
2; 2; 46; 984
2; 2; 47; 30758
2; 2; 48; 17957
2; 2; 49; 31658
2; 2; 50; 31507
2; 2; 51; 1221
2; 2; 52; 5176
2; 2; 53; 747
2; 2; 54; 997
2; 2; 55; 34611
2; 2; 56; 21297
2; 5; 57; 0
1; 3; 1; 7437
1; 3; 2; 23702
1; 3; 3; 7226
1; 3; 4; 8413
1; 3; 5; 8669
1; 3; 6; 1517
1; 3; 7; 5175
1; 3; 8; 31801
1; 3; 9; 24162
1; 3; 10; 5407
1; 3; 11; 6340
1; 3; 12; 6248
1; 3; 13; 28043
1; 3; 14; 4935
1; 3; 15; 2306
1; 3; 16; 5232
1; 3; 17; 4829
1; 3; 18; 5010
1; 3; 19; 33532
1; 3; 20; 2259
1; 3; 21; 33346
1; 3; 22; 945
1; 3; 23; 34739
1; 3; 24; 1727
1; 3; 25; 5038
1; 3; 26; 6315
1; 3; 27; 26836
1; 6; 28; 0
2; 3; 29; 5204
2; 3; 30; 20621
2; 3; 31; 2949
2; 3; 32; 6759
2; 3; 33; 6955
2; 3; 34; 4767
2; 3; 35; 767
2; 3; 36; 16908
2; 3; 37; 4884
2; 3; 38; 3205
2; 3; 39; 25505
2; 3; 40; 5303
2; 3; 41; 33162
2; 3; 42; 18009
2; 3; 43; 6169
2; 3; 44; 22751
2; 3; 45; 24358
2; 3; 46; 1312
2; 3; 47; 26373
2; 6; 48; 0
1; 3; 49; 4988
1; 3; 50; 26079
1; 3; 51; 31461
1; 3; 52; 4907
1; 3; 53; 1726
1; 3; 54; 6498
1; 3; 55; 5878
1; 3; 56; 29839
1; 7; 57; 0
2; 3; 58; 6395
2; 3; 59; 2334
2; 3; 60; 31679
2; 3; 61; 15426
2; 3; 62; 4748
2; 3; 63; 32568
2; 3; 64; 5093
2; 3; 65; 972
2; 3; 66; 24229
2; 3; 67; 1584
2; 7; 68; 0
1; 4; 1; 887
1; 4; 2; 1005
1; 4; 3; 5142
1; 4; 4; 1332
1; 4; 5; 20231
1; 4; 6; 361
1; 4; 7; 1179
1; 4; 8; 1876
1; 4; 9; 4858
1; 4; 10; 5036
1; 4; 11; 25465
1; 4; 12; 23456
1; 4; 13; 16673
1; 4; 14; 7505
1; 4; 15; 31658
1; 4; 16; 8584
1; 4; 17; 20328
1; 8; 18; 0
2; 4; 19; 15958
2; 4; 20; 8435
2; 4; 21; 5792
2; 4; 22; 8363
2; 4; 23; 1247
2; 4; 24; 932
2; 4; 25; 2516
2; 4; 26; 24705
2; 4; 27; 22483
2; 4; 28; 7011
2; 4; 29; 3238
2; 4; 30; 21147
2; 4; 31; 4798
2; 4; 32; 8327
2; 4; 33; 942
2; 4; 34; 8033
2; 4; 35; 4318
2; 4; 36; 16132
2; 4; 37; 162
2; 4; 38; 27189
2; 4; 39; 789
2; 8; 40; 0
1; 4; 41; 5209
1; 4; 42; 34121
1; 4; 43; 1335
1; 4; 44; 121
1; 4; 45; 3209
1; 4; 46; 5297
1; 4; 47; 15168
1; 4; 48; 33666
1; 9; 49; 0
2; 9; 50; 0
