1; 0; 554; 4895
1; 0; 230; 6315
1; 0; 1052; 1303
1; 0; 680; 5791
1; 0; 612; 1517
1; 0; 686; 882
1; 0; 131; 30190
1; 0; 290; 1854
1; 0; 321; 18
1; 0; 224; 18872
1; 0; 405; 4910
1; 0; 413; 2698
1; 0; 287; 358
1; 0; 287; 0
2; 0; 222; 20512
2; 0; 1071; 31483
2; 0; 802; 859
2; 0; 97; 4953
2; 0; 352; 2539
2; 0; 404; 31461
2; 0; 975; 844
2; 0; 236; 2627
2; 0; 588; 584
2; 0; 630; 5229
2; 0; 159; 25649
2; 0; 592; 8202
2; 0; 939; 23037
2; 0; 287; 0
1; 1; 617; 768
1; 1; 175; 25860
1; 1; 702; 1518
1; 1; 919; 5553
1; 1; 1094; 5878
1; 1; 260; 6503
1; 1; 927; 27561
1; 1; 156; 7355
1; 1; 315; 5004
1; 1; 378; 32889
1; 1; 877; 6321
1; 1; 772; 16673
1; 1; 514; 5215
1; 1; 287; 0
2; 1; 42; 21179
2; 1; 831; 8971
2; 1; 832; 20255
2; 1; 463; 34219
2; 1; 1037; 16759
2; 1; 813; 8333
2; 1; 942; 835
2; 1; 968; 29626
2; 1; 201; 16580
2; 1; 1054; 30812
2; 1; 916; 8983
2; 1; 167; 23070
2; 1; 300; 1732
2; 1; 280; 8418
2; 1; 1029; 14930
2; 1; 286; 7774
2; 1; 287; 0
1; 2; 434; 29266
1; 2; 909; 8435
1; 2; 855; 2511
1; 2; 531; 5339
1; 2; 700; 851
1; 2; 306; 4798
1; 2; 490; 16919
1; 2; 495; 22184
1; 2; 292; 3223
1; 2; 287; 0
2; 2; 38; 907
2; 2; 851; 31750
2; 2; 755; 24295
2; 2; 757; 26706
2; 2; 293; 1594
2; 2; 287; 0
1; 3; 938; 7979
1; 3; 125; 9490
1; 3; 228; 3292
1; 3; 270; 8368
1; 3; 258; 4852
1; 3; 710; 23852
1; 3; 1058; 1015
1; 3; 471; 23596
1; 3; 284; 5232
1; 3; 287; 0
2; 3; 717; 1068
2; 3; 573; 4773
2; 3; 656; 19375
2; 3; 0; 33226
2; 3; 78; 846
2; 3; 1032; 24118
2; 3; 287; 0
1; 4; 308; 7104
1; 4; 469; 4991
1; 4; 737; 1256
1; 4; 794; 30149
1; 4; 23; 30351
1; 4; 470; 6498
1; 4; 767; 1254
1; 4; 653; 8607
1; 4; 118; 29598
1; 4; 264; 4829
1; 4; 287; 0
2; 4; 637; 550
2; 4; 443; 898
2; 4; 216; 3046
2; 4; 268; 5205
2; 4; 498; 25213
2; 4; 1040; 972
2; 4; 510; 4878
2; 4; 287; 0
