1; 0; 124; 8444
1; 0; 904; 4359
1; 0; 645; 7072
1; 0; 589; 2188
1; 0; 1086; 7133
1; 0; 916; 8983
1; 0; 615; 7477
1; 0; 596; 5682
1; 0; 287; 0
2; 0; 275; 4945
2; 0; 107; 21839
2; 0; 362; 5127
2; 0; 568; 1758
2; 0; 404; 31461
2; 0; 495; 22184
2; 0; 287; 0
1; 1; 523; 5189
1; 1; 811; 778
1; 1; 435; 1663
1; 1; 483; 26836
1; 1; 413; 2698
1; 1; 288; 25188
1; 1; 287; 0
2; 1; 248; 4950
2; 1; 879; 15958
2; 1; 111; 8409
2; 1; 1008; 880
2; 1; 1051; 18967
2; 1; 378; 32889
2; 1; 258; 4852
2; 1; 287; 0
1; 2; 1088; 7472
1; 2; 251; 5063
1; 2; 167; 23070
1; 2; 537; 5787
1; 2; 507; 4734
1; 2; 1092; 839
1; 2; 1040; 972
1; 2; 287; 0
2; 2; 730; 1332
2; 2; 500; 24043
2; 2; 666; 23795
2; 2; 53; 31051
2; 2; 807; 23621
2; 2; 287; 0
1; 3; 836; 1255
1; 3; 290; 1854
1; 3; 550; 5146
1; 3; 612; 1517
1; 3; 493; 26515
1; 3; 416; 5048
1; 3; 287; 0
2; 3; 297; 5788
2; 3; 122; 7867
2; 3; 344; 4350
2; 3; 397; 5555
2; 3; 156; 7373
2; 3; 48; 6255
2; 3; 694; 6654
2; 3; 279; 4800
2; 3; 287; 0
1; 4; 165; 18996
1; 4; 544; 4992
1; 4; 339; 15458
1; 4; 770; 18887
1; 4; 446; 8365
1; 4; 981; 7646
1; 4; 799; 1241
1; 4; 291; 2839
1; 4; 287; 0
2; 4; 271; 20231
2; 4; 1004; 32109
2; 4; 887; 16661
2; 4; 759; 33985
2; 4; 1048; 4201
2; 4; 490; 16919
2; 4; 287; 0
