1; 0; 1; 33236
1; 0; 2; 7774
1; 0; 3; 28899
1; 0; 4; 33346
1; 0; 5; 21335
1; 0; 6; 3223
1; 0; 7; 31020
1; 0; 8; 16919
1; 0; 9; 26836
1; 0; 10; 24043
1; 0; 11; 4782
1; 0; 12; 3219
1; 0; 13; 4825
1; 0; 14; 1212
1; 0; 15; 2699
1; 0; 16; 23596
1; 0; 17; 6771
1; 0; 18; 24021
1; 0; 19; 6587
1; 0; 20; 27327
1; 0; 21; 4950
1; 0; 22; 4746
1; 0; 23; 32809
1; 0; 24; 31267
1; 0; 25; 6503
1; 0; 26; 33532
1; 0; 27; 20512
1; 0; 28; 31661
1; 0; 29; 4935
1; 0; 30; 3292
1; 0; 31; 26241
1; 0; 32; 21967
1; 0; 33; 31658
1; 0; 34; 31663
1; 0; 35; 5542
1; 0; 36; 4851
1; 0; 37; 4749
1; 0; 38; 7161
1; 0; 39; 15272
1; 0; 40; 20231
1; 0; 41; 8368
1; 0; 42; 4801
1; 0; 43; 5048
1; 0; 44; 15487
1; 0; 45; 8319
1; 0; 46; 1601
1; 0; 47; 6395
1; 0; 48; 5190
1; 0; 49; 4772
1; 0; 50; 4824
1; 0; 51; 5105
1; 0; 52; 4857
1; 0; 53; 29035
1; 0; 54; 8412
1; 0; 55; 5832
1; 0; 56; 5058
1; 0; 57; 28125
1; 0; 58; 5983
1; 0; 59; 5239
1; 0; 60; 5176
1; 0; 61; 19087
1; 0; 62; 2334
1; 0; 63; 5175
1; 0; 64; 5144
1; 0; 65; 4945
1; 0; 66; 5107
1; 0; 67; 5109
1; 0; 68; 5571
1; 0; 69; 5152
1; 0; 70; 4608
1; 0; 71; 4957
1; 0; 72; 29250
1; 0; 73; 5170
1; 0; 74; 30528
1; 0; 75; 5140
1; 0; 76; 4955
1; 0; 77; 6359
1; 0; 78; 4991
1; 0; 79; 5061
1; 0; 80; 19155
1; 0; 81; 0
2; 0; 82; 33104
2; 0; 83; 32109
2; 0; 84; 1378
2; 0; 85; 24389
2; 0; 86; 21094
2; 0; 87; 935
2; 0; 88; 23880
2; 0; 89; 23955
2; 0; 90; 5473
2; 0; 91; 960
2; 0; 92; 880
2; 0; 93; 811
2; 0; 94; 31152
2; 0; 95; 747
2; 0; 96; 7424
2; 0; 97; 8188
2; 0; 98; 642
2; 0; 99; 20412
2; 0; 100; 817
2; 0; 101; 2741
2; 0; 102; 8272
2; 0; 103; 1731
2; 0; 104; 7070
2; 0; 105; 4487
2; 0; 106; 7646
2; 0; 107; 17379
2; 0; 108; 29087
2; 0; 109; 7374
2; 0; 110; 8233
2; 0; 111; 835
2; 0; 112; 32168
2; 0; 113; 8269
2; 0; 114; 8033
2; 0; 115; 23922
2; 0; 116; 30382
2; 0; 117; 27137
2; 0; 118; 29626
2; 0; 119; 808
2; 0; 120; 850
2; 0; 121; 934
2; 0; 122; 1069
2; 0; 123; 1085
2; 0; 124; 844
2; 0; 125; 1223
2; 0; 126; 7097
2; 0; 127; 1335
2; 0; 128; 28007
2; 0; 129; 836
2; 0; 130; 15945
2; 0; 131; 16673
2; 0; 132; 1638
2; 0; 133; 32079
2; 0; 134; 2241
2; 0; 135; 1246
2; 0; 136; 6863
2; 0; 137; 6169
2; 0; 138; 28198
2; 0; 139; 29744
2; 0; 140; 1018
2; 0; 141; 2593
2; 0; 142; 766
2; 0; 143; 1241
2; 0; 144; 23106
2; 0; 145; 1247
2; 0; 146; 4618
2; 0; 147; 1267
2; 0; 148; 25465
2; 0; 149; 204
2; 0; 150; 26265
2; 0; 151; 688
2; 0; 152; 1041
2; 0; 153; 6527
2; 0; 154; 4333
2; 0; 155; 26373
2; 0; 156; 4328
2; 0; 157; 4357
2; 0; 158; 1189
2; 0; 159; 31025
2; 0; 160; 31833
2; 0; 161; 24822
2; 0; 162; 17714
2; 0; 163; 31750
2; 0; 164; 14927
2; 0; 165; 15958
2; 0; 166; 1605
2; 0; 167; 34343
2; 0; 168; 27561
2; 0; 169; 24229
2; 0; 170; 33
2; 0; 171; 32245
2; 0; 172; 0
1; 0; 173; 34288
1; 0; 174; 5037
1; 0; 175; 15911
1; 0; 176; 4234
1; 0; 177; 936
1; 0; 178; 34814
1; 0; 179; 22751
1; 0; 180; 4201
1; 0; 181; 29342
1; 0; 182; 31183
1; 0; 183; 3348
1; 0; 184; 5793
1; 0; 185; 8497
1; 0; 186; 697
1; 0; 187; 31961
1; 0; 188; 33926
1; 0; 189; 15265
1; 0; 190; 24358
1; 0; 191; 30089
1; 0; 192; 1264
1; 0; 193; 24046
1; 0; 194; 1334
1; 0; 195; 21300
1; 0; 196; 24044
1; 0; 197; 32864
1; 0; 198; 4358
1; 0; 199; 23702
1; 0; 200; 853
1; 0; 201; 6139
1; 0; 202; 1255
1; 0; 203; 34050
1; 0; 204; 1254
1; 0; 205; 3134
1; 0; 206; 1083
1; 0; 207; 26862
1; 0; 208; 24295
1; 0; 209; 29885
1; 0; 210; 31156
1; 0; 211; 30825
1; 0; 212; 751
1; 0; 213; 6360
1; 0; 214; 31900
1; 0; 215; 5679
1; 0; 216; 20963
1; 0; 217; 1256
1; 0; 218; 31904
1; 0; 219; 1957
1; 0; 220; 778
1; 0; 221; 22771
1; 0; 222; 29839
1; 0; 223; 21297
1; 0; 224; 18006
1; 0; 225; 5036
1; 0; 226; 1066
1; 0; 227; 32973
1; 0; 228; 24294
1; 0; 229; 785
1; 0; 230; 1312
1; 0; 231; 20255
1; 0; 232; 30365
1; 0; 233; 29893
1; 0; 234; 2728
1; 0; 235; 5791
1; 0; 236; 891
1; 0; 237; 22147
1; 0; 238; 17541
1; 0; 239; 1268
1; 0; 240; 4367
1; 0; 241; 33954
1; 0; 242; 30242
1; 0; 243; 6912
1; 0; 244; 29204
1; 0; 245; 24322
1; 0; 246; 15168
1; 0; 247; 28517
1; 0; 248; 24449
1; 0; 249; 205
1; 0; 250; 20453
1; 0; 251; 20457
1; 0; 252; 0
2; 0; 253; 1854
2; 0; 254; 34672
2; 0; 255; 361
2; 0; 256; 363
2; 0; 257; 33666
2; 0; 258; 23728
2; 0; 259; 20215
2; 0; 260; 21343
2; 0; 261; 406
2; 0; 262; 32774
2; 0; 263; 1726
2; 0; 264; 28784
2; 0; 265; 4579
2; 0; 266; 22704
2; 0; 267; 15074
2; 0; 268; 2500
2; 0; 269; 15767
2; 0; 270; 16908
2; 0; 271; 30730
2; 0; 272; 25213
2; 0; 273; 26515
2; 0; 274; 7492
2; 0; 275; 29032
2; 0; 276; 33686
2; 0; 277; 5215
2; 0; 278; 34762
2; 0; 279; 875
2; 0; 280; 730
2; 0; 281; 19473
2; 0; 282; 7371
2; 0; 283; 7355
2; 0; 284; 7370
2; 0; 285; 7373
2; 0; 286; 7372
2; 0; 287; 7359
2; 0; 288; 24306
2; 0; 289; 7357
2; 0; 290; 0
1; 1; 1; 4858
1; 1; 2; 18967
1; 1; 3; 1303
1; 1; 4; 30164
1; 1; 5; 34424
1; 1; 6; 25341
1; 1; 7; 7979
1; 1; 8; 5970
1; 1; 9; 162
1; 1; 10; 1213
1; 1; 11; 997
1; 1; 12; 4337
1; 1; 13; 783
1; 1; 14; 7791
1; 1; 15; 33840
1; 1; 16; 2652
1; 1; 17; 33781
1; 1; 18; 1063
1; 1; 19; 25584
1; 1; 20; 1007
1; 1; 21; 7472
1; 1; 22; 4881
1; 1; 23; 17439
1; 1; 24; 9016
1; 1; 25; 962
1; 1; 26; 890
1; 1; 27; 959
1; 1; 28; 958
1; 1; 29; 23876
1; 1; 30; 30199
1; 1; 31; 597
1; 1; 32; 31051
1; 1; 33; 4953
1; 1; 34; 33953
1; 1; 35; 4340
1; 1; 36; 943
1; 1; 37; 28043
1; 1; 38; 28987
1; 1; 39; 32952
1; 1; 40; 8669
1; 1; 41; 644
1; 1; 42; 1005
1; 1; 43; 31189
1; 1; 44; 30190
1; 1; 45; 34825
1; 1; 46; 30218
1; 1; 47; 30351
1; 1; 48; 34197
1; 1; 49; 30352
1; 1; 50; 30160
1; 1; 51; 30186
1; 1; 52; 30243
1; 1; 53; 33003
1; 1; 54; 32949
1; 1; 55; 23988
1; 1; 56; 952
1; 1; 57; 944
1; 1; 58; 18715
1; 1; 59; 941
1; 1; 60; 696
1; 1; 61; 5298
1; 1; 62; 942
1; 1; 63; 29911
1; 1; 64; 31905
1; 1; 65; 1008
1; 1; 66; 927
1; 1; 67; 33226
1; 1; 68; 33306
1; 1; 69; 19770
1; 1; 70; 950
1; 1; 71; 1526
1; 1; 72; 28546
1; 1; 73; 8409
1; 1; 74; 846
1; 1; 75; 25586
1; 1; 76; 7706
1; 1; 77; 948
1; 1; 78; 949
1; 1; 79; 29973
1; 1; 80; 33740
1; 1; 81; 31047
1; 1; 82; 30758
1; 1; 83; 19950
1; 1; 84; 981
1; 1; 85; 5908
1; 1; 86; 2340
1; 1; 87; 15093
1; 1; 88; 24257
1; 1; 89; 993
1; 1; 90; 5576
1; 1; 91; 1200
1; 1; 92; 2524
1; 1; 93; 32746
1; 1; 94; 25743
1; 1; 95; 7205
1; 1; 96; 940
1; 1; 97; 4721
1; 1; 98; 34389
1; 1; 99; 8369
1; 1; 100; 964
1; 1; 101; 951
1; 1; 102; 23982
1; 1; 103; 24119
1; 1; 104; 946
1; 1; 105; 33839
1; 1; 106; 25649
1; 1; 107; 33318
1; 1; 108; 22341
1; 1; 109; 865
1; 1; 110; 16472
1; 1; 111; 18716
1; 1; 112; 945
1; 1; 113; 843
1; 1; 114; 1566
1; 1; 115; 3238
1; 1; 116; 1640
1; 1; 117; 4334
1; 1; 118; 21064
1; 1; 119; 809
1; 1; 120; 27934
1; 1; 121; 0
2; 1; 122; 1374
2; 1; 123; 4235
2; 1; 124; 1585
2; 1; 125; 20690
2; 1; 126; 16580
2; 1; 127; 4981
2; 1; 128; 5038
2; 1; 129; 8030
2; 1; 130; 6289
2; 1; 131; 3349
2; 1; 132; 4977
2; 1; 133; 4750
2; 1; 134; 6286
2; 1; 135; 1772
2; 1; 136; 2621
2; 1; 137; 30229
2; 1; 138; 21276
2; 1; 139; 21807
2; 1; 140; 5221
2; 1; 141; 20621
2; 1; 142; 33425
2; 1; 143; 31023
2; 1; 144; 21701
2; 1; 145; 3046
2; 1; 146; 25195
2; 1; 147; 6865
2; 1; 148; 4884
2; 1; 149; 5010
2; 1; 150; 17969
2; 1; 151; 1758
2; 1; 152; 4740
2; 1; 153; 5159
2; 1; 154; 5009
2; 1; 155; 5888
2; 1; 156; 34679
2; 1; 157; 2353
2; 1; 158; 4879
2; 1; 159; 2316
2; 1; 160; 4753
2; 1; 161; 4350
2; 1; 162; 26079
2; 1; 163; 5005
2; 1; 164; 29509
2; 1; 165; 15940
2; 1; 166; 23070
2; 1; 167; 30152
2; 1; 168; 6224
2; 1; 169; 7953
2; 1; 170; 31898
2; 1; 171; 7211
2; 1; 172; 32702
2; 1; 173; 18
2; 1; 174; 4763
2; 1; 175; 5018
2; 1; 176; 34739
2; 1; 177; 2539
2; 1; 178; 895
2; 1; 179; 5929
2; 1; 180; 4978
2; 1; 181; 5006
2; 1; 182; 24162
2; 1; 183; 15760
2; 1; 184; 4934
2; 1; 185; 1771
2; 1; 186; 15426
2; 1; 187; 6249
2; 1; 188; 32102
2; 1; 189; 4911
2; 1; 190; 22342
2; 1; 191; 4838
2; 1; 192; 5861
2; 1; 193; 31548
2; 1; 194; 4903
2; 1; 195; 5052
2; 1; 196; 8327
2; 1; 197; 5550
2; 1; 198; 16607
2; 1; 199; 4816
2; 1; 200; 4895
2; 1; 201; 5011
2; 1; 202; 16697
2; 1; 203; 6136
2; 1; 204; 26064
2; 1; 205; 7541
2; 1; 206; 5146
2; 1; 207; 24125
2; 1; 208; 4970
2; 1; 209; 5351
2; 1; 210; 32601
2; 1; 211; 30969
2; 1; 212; 31679
2; 1; 213; 15142
2; 1; 214; 1895
2; 1; 215; 4896
2; 1; 216; 1755
2; 1; 217; 1734
2; 1; 218; 1745
2; 1; 219; 1760
2; 1; 220; 4804
2; 1; 221; 32606
2; 1; 222; 5128
2; 1; 223; 5189
2; 1; 224; 4875
2; 1; 225; 4780
2; 1; 226; 24120
2; 1; 227; 3003
2; 1; 228; 2300
2; 1; 229; 2757
2; 1; 230; 1764
2; 1; 231; 7740
2; 1; 232; 2306
2; 1; 233; 1727
2; 1; 234; 1805
2; 1; 235; 6888
2; 1; 236; 2707
2; 1; 237; 17095
2; 1; 238; 1824
2; 1; 239; 5092
2; 1; 240; 6217
2; 1; 241; 27613
2; 1; 242; 7308
2; 1; 243; 0
1; 1; 244; 0
2; 1; 245; 31469
2; 1; 246; 584
2; 1; 247; 7477
2; 1; 248; 23726
2; 1; 249; 34650
2; 1; 250; 34646
2; 1; 251; 8201
2; 1; 252; 572
2; 1; 253; 19375
2; 1; 254; 15674
2; 1; 255; 25262
2; 1; 256; 4354
2; 1; 257; 7714
2; 1; 258; 23110
2; 1; 259; 573
2; 1; 260; 33947
2; 1; 261; 1934
2; 1; 262; 552
2; 1; 263; 25248
2; 1; 264; 449
2; 1; 265; 622
2; 1; 266; 25920
2; 1; 267; 562
2; 1; 268; 6955
2; 1; 269; 1517
2; 1; 270; 2740
2; 1; 271; 537
2; 1; 272; 26046
2; 1; 273; 768
2; 1; 274; 7316
2; 1; 275; 550
2; 1; 276; 6478
2; 1; 277; 6248
2; 1; 278; 7314
2; 1; 279; 24180
2; 1; 280; 8202
2; 1; 281; 2191
2; 1; 282; 2188
2; 1; 283; 0
1; 2; 1; 28495
1; 2; 2; 4842
1; 2; 3; 2836
1; 2; 4; 33666
1; 2; 5; 0
2; 2; 6; 28825
2; 2; 7; 32889
2; 2; 8; 19836
2; 2; 9; 4829
2; 2; 10; 4767
2; 2; 11; 28082
2; 2; 12; 4852
2; 2; 13; 2680
2; 2; 14; 7309
2; 2; 15; 4974
2; 2; 16; 795
2; 2; 17; 34458
2; 2; 18; 2184
2; 2; 19; 33849
2; 2; 20; 5787
2; 2; 21; 1663
2; 2; 22; 29266
2; 2; 23; 4751
2; 2; 24; 6887
2; 2; 25; 4994
2; 2; 26; 29921
2; 2; 27; 3205
2; 2; 28; 4992
2; 2; 29; 5407
2; 2; 30; 5055
2; 2; 31; 4969
2; 2; 32; 1728
2; 2; 33; 5362
2; 2; 34; 29730
2; 2; 35; 8244
2; 2; 36; 17201
2; 2; 37; 5202
2; 2; 38; 4956
2; 2; 39; 34878
2; 2; 40; 1181
2; 2; 41; 33024
2; 2; 42; 5114
2; 2; 43; 5141
2; 2; 44; 4773
2; 2; 45; 6316
2; 2; 46; 5204
2; 2; 47; 7941
2; 2; 48; 0
1; 2; 49; 5226
1; 2; 50; 5053
1; 2; 51; 4907
1; 2; 52; 919
1; 2; 53; 34909
1; 2; 54; 1188
1; 2; 55; 27700
1; 2; 56; 839
1; 2; 57; 1064
1; 2; 58; 1015
1; 2; 59; 881
1; 2; 60; 1065
1; 2; 61; 8363
1; 2; 62; 7753
1; 2; 63; 7747
1; 2; 64; 1602
1; 2; 65; 30812
1; 2; 66; 3308
1; 2; 67; 5882
1; 2; 68; 24882
1; 2; 69; 27365
1; 2; 70; 8131
1; 2; 71; 30165
1; 2; 72; 1012
1; 2; 73; 32895
1; 2; 74; 1221
1; 2; 75; 18837
1; 2; 76; 733
1; 2; 77; 31441
1; 2; 78; 7137
1; 2; 79; 23037
1; 2; 80; 33827
1; 2; 81; 1272
1; 2; 82; 2939
1; 2; 83; 933
1; 2; 84; 26706
1; 2; 85; 26190
1; 2; 86; 26401
1; 2; 87; 1590
1; 2; 88; 3045
1; 2; 89; 34504
1; 2; 90; 1603
1; 2; 91; 32711
1; 2; 92; 33070
1; 2; 93; 18720
1; 2; 94; 16661
1; 2; 95; 23160
1; 2; 96; 6895
1; 2; 97; 27958
1; 2; 98; 1228
1; 2; 99; 143
1; 2; 100; 5297
1; 2; 101; 29398
1; 2; 102; 29399
1; 2; 103; 23590
1; 2; 104; 6321
1; 2; 105; 18963
1; 2; 106; 24330
1; 2; 107; 4318
1; 2; 108; 33951
1; 2; 109; 3209
1; 2; 110; 19441
1; 2; 111; 20844
1; 2; 112; 6181
1; 2; 113; 17733
1; 2; 114; 30440
1; 2; 115; 5794
1; 2; 116; 25543
1; 2; 117; 6270
1; 2; 118; 26317
1; 2; 119; 27158
1; 2; 120; 30863
1; 2; 121; 31517
1; 2; 122; 17957
1; 2; 123; 6322
1; 2; 124; 33071
1; 2; 125; 4576
1; 2; 126; 29892
1; 2; 127; 8983
1; 2; 128; 2346
1; 2; 129; 6428
1; 2; 130; 34611
1; 2; 131; 121
1; 2; 132; 5296
1; 2; 133; 24042
1; 2; 134; 2511
1; 2; 135; 26558
1; 2; 136; 16062
1; 2; 137; 7184
1; 2; 138; 19168
1; 2; 139; 23086
1; 2; 140; 6274
1; 2; 141; 3197
1; 2; 142; 4359
1; 2; 143; 32245
1; 2; 144; 0
2; 2; 145; 7772
2; 2; 146; 4734
2; 2; 147; 358
2; 2; 148; 2839
2; 2; 149; 1594
2; 2; 150; 4845
2; 2; 151; 4800
2; 2; 152; 892
2; 2; 153; 2627
2; 2; 154; 32823
2; 2; 155; 31658
2; 2; 156; 31663
2; 2; 157; 31661
2; 2; 158; 5131
2; 2; 159; 2682
2; 2; 160; 2949
2; 2; 161; 4987
2; 2; 162; 4910
2; 2; 163; 0
1; 3; 1; 2688
1; 3; 2; 33236
1; 3; 3; 0
2; 3; 4; 23728
2; 3; 5; 34762
2; 3; 6; 8365
2; 3; 7; 6168
2; 3; 8; 6587
2; 3; 9; 2091
2; 3; 10; 8418
2; 3; 11; 4815
2; 3; 12; 1774
2; 3; 13; 317
2; 3; 14; 33203
2; 3; 15; 908
2; 3; 16; 907
2; 3; 17; 27189
2; 3; 18; 32538
2; 3; 19; 32560
2; 3; 20; 30872
2; 3; 21; 6129
2; 3; 22; 969
2; 3; 23; 909
2; 3; 24; 21179
2; 3; 25; 887
2; 3; 26; 7365
2; 3; 27; 7359
2; 3; 28; 16960
2; 3; 29; 26248
2; 3; 30; 7355
2; 3; 31; 24306
2; 3; 32; 7357
2; 3; 33; 0
1; 3; 34; 661
1; 3; 35; 19000
1; 3; 36; 972
1; 3; 37; 31151
1; 3; 38; 1040
1; 3; 39; 16132
1; 3; 40; 25745
1; 3; 41; 34669
1; 3; 42; 16759
1; 3; 43; 7980
1; 3; 44; 30824
1; 3; 45; 15180
1; 3; 46; 34612
1; 3; 47; 7646
1; 3; 48; 34486
1; 3; 49; 812
1; 3; 50; 1522
1; 3; 51; 33996
1; 3; 52; 32694
1; 3; 53; 7694
1; 3; 54; 20328
1; 3; 55; 21094
1; 3; 56; 4088
1; 3; 57; 2741
1; 3; 58; 8584
1; 3; 59; 1043
1; 3; 60; 27692
1; 3; 61; 22483
1; 3; 62; 1669
1; 3; 63; 31323
1; 3; 64; 27100
1; 3; 65; 32109
1; 3; 66; 24047
1; 3; 67; 34306
1; 3; 68; 508
1; 3; 69; 7720
1; 3; 70; 17665
1; 3; 71; 16093
1; 3; 72; 701
1; 3; 73; 7505
1; 3; 74; 23890
1; 3; 75; 956
1; 3; 76; 7009
1; 3; 77; 7709
1; 3; 78; 23990
1; 3; 79; 7083
1; 3; 80; 1013
1; 3; 81; 33904
1; 3; 82; 7133
1; 3; 83; 3333
1; 3; 84; 8971
1; 3; 85; 22253
1; 3; 86; 868
1; 3; 87; 31801
1; 3; 88; 32096
1; 3; 89; 5792
1; 3; 90; 1336
1; 3; 91; 2483
1; 3; 92; 29975
1; 3; 93; 32079
1; 3; 94; 3330
1; 3; 95; 33002
1; 3; 96; 1084
1; 3; 97; 6260
1; 3; 98; 859
1; 3; 99; 4736
1; 3; 100; 1230
1; 3; 101; 1599
1; 3; 102; 31588
1; 3; 103; 1247
1; 3; 104; 24705
1; 3; 105; 4779
1; 3; 106; 1246
1; 3; 107; 2516
1; 3; 108; 1268
1; 3; 109; 1280
1; 3; 110; 18009
1; 3; 111; 256
1; 3; 112; 29246
1; 3; 113; 31136
1; 3; 114; 25082
1; 3; 115; 16326
1; 3; 116; 1924
1; 3; 117; 2094
1; 3; 118; 30383
1; 3; 119; 29839
1; 3; 120; 0
2; 3; 121; 25188
2; 3; 122; 32813
2; 3; 123; 34582
2; 3; 124; 996
2; 3; 125; 5878
2; 3; 126; 7610
2; 3; 127; 29647
2; 3; 128; 26243
2; 3; 129; 18835
2; 3; 130; 14930
2; 3; 131; 26414
2; 3; 132; 27465
2; 3; 133; 25908
2; 3; 134; 30157
2; 3; 135; 34544
2; 3; 136; 1518
2; 3; 137; 4319
2; 3; 138; 789
2; 3; 139; 20533
2; 3; 140; 883
2; 3; 141; 18887
2; 3; 142; 30149
2; 3; 143; 28007
2; 3; 144; 1211
2; 3; 145; 1506
2; 3; 146; 1278
2; 3; 147; 851
2; 3; 148; 34366
2; 3; 149; 31156
2; 3; 150; 1332
2; 3; 151; 26070
2; 3; 152; 804
2; 3; 153; 3357
2; 3; 154; 5036
2; 3; 155; 33162
2; 3; 156; 1273
2; 3; 157; 6654
2; 3; 158; 20419
2; 3; 159; 2714
2; 3; 160; 1255
2; 3; 161; 33985
2; 3; 162; 8331
2; 3; 163; 23852
2; 3; 164; 24461
2; 3; 165; 1269
2; 3; 166; 882
2; 3; 167; 1337
2; 3; 168; 1068
2; 3; 169; 3141
2; 3; 170; 205
2; 3; 171; 203
2; 3; 172; 8333
2; 3; 173; 3322
2; 3; 174; 28702
2; 3; 175; 5344
2; 3; 176; 885
2; 3; 177; 23621
2; 3; 178; 1179
2; 3; 179; 23456
2; 3; 180; 4153
2; 3; 181; 5553
2; 3; 182; 18283
2; 3; 183; 1178
2; 3; 184; 753
2; 3; 185; 28022
2; 3; 186; 34684
2; 3; 187; 8316
2; 3; 188; 32681
2; 3; 189; 34111
2; 3; 190; 5532
2; 3; 191; 6064
2; 3; 192; 32386
2; 3; 193; 577
2; 3; 194; 32261
2; 3; 195; 32370
2; 3; 196; 8435
2; 3; 197; 33
2; 3; 198; 32245
2; 3; 199; 25704
2; 3; 200; 30075
2; 3; 201; 395
2; 3; 202; 31750
2; 3; 203; 16067
2; 3; 204; 14927
2; 3; 205; 0
1; 4; 1; 603
1; 4; 2; 5205
1; 4; 3; 4823
1; 4; 4; 4949
1; 4; 5; 4774
1; 4; 6; 23810
1; 4; 7; 4631
1; 4; 8; 31663
1; 4; 9; 31661
1; 4; 10; 31658
1; 4; 11; 6315
1; 4; 12; 5804
1; 4; 13; 2832
1; 4; 14; 8413
1; 4; 15; 7104
1; 4; 16; 5126
1; 4; 17; 6010
1; 4; 18; 30809
1; 4; 19; 1625
1; 4; 20; 19546
1; 4; 21; 3018
1; 4; 22; 28315
1; 4; 23; 5111
1; 4; 24; 4985
1; 4; 25; 5856
1; 4; 26; 24078
1; 4; 27; 4988
1; 4; 28; 8410
1; 4; 29; 34910
1; 4; 30; 28819
1; 4; 31; 15458
1; 4; 32; 6925
1; 4; 33; 4844
1; 4; 34; 4958
1; 4; 35; 5097
1; 4; 36; 31279
1; 4; 37; 25969
1; 4; 38; 576
1; 4; 39; 32778
1; 4; 40; 4904
1; 4; 41; 30968
1; 4; 42; 20793
1; 4; 43; 2314
1; 4; 44; 30710
1; 4; 45; 29895
1; 4; 46; 5788
1; 4; 47; 7300
1; 4; 48; 26054
1; 4; 49; 2306
1; 4; 50; 4796
1; 4; 51; 1888
1; 4; 52; 25860
1; 4; 53; 1995
1; 4; 54; 17262
1; 4; 55; 5093
1; 4; 56; 30875
1; 4; 57; 20010
1; 4; 58; 30370
1; 4; 59; 5166
1; 4; 60; 5017
1; 4; 61; 6809
1; 4; 62; 1732
1; 4; 63; 19987
1; 4; 64; 31461
1; 4; 65; 0
2; 4; 66; 4524
2; 4; 67; 32946
2; 4; 68; 8607
2; 4; 69; 767
2; 4; 70; 32562
2; 4; 71; 8290
2; 4; 72; 526
2; 4; 73; 33976
2; 4; 74; 8234
2; 4; 75; 5229
2; 4; 76; 7618
2; 4; 77; 2862
2; 4; 78; 30815
2; 4; 79; 25776
2; 4; 80; 7072
2; 4; 81; 538
2; 4; 82; 23155
2; 4; 83; 27124
2; 4; 84; 30411
2; 4; 85; 1067
2; 4; 86; 1017
2; 4; 87; 624
2; 4; 88; 5264
2; 4; 89; 7315
2; 4; 90; 7730
2; 4; 91; 32735
2; 4; 92; 1155
2; 4; 93; 32127
2; 4; 94; 5303
2; 4; 95; 1324
2; 4; 96; 34199
2; 4; 97; 1000
2; 4; 98; 571
2; 4; 99; 30814
2; 4; 100; 7437
2; 4; 101; 1720
2; 4; 102; 2212
2; 4; 103; 28061
2; 4; 104; 34593
2; 4; 105; 15631
2; 4; 106; 23795
2; 4; 107; 33206
2; 4; 108; 32876
2; 4; 109; 574
2; 4; 110; 1583
2; 4; 111; 32300
2; 4; 112; 15674
2; 4; 113; 31485
2; 4; 114; 34331
2; 4; 115; 984
2; 4; 116; 25505
2; 4; 117; 24590
2; 4; 118; 26763
2; 4; 119; 3115
2; 4; 120; 6094
2; 4; 121; 1139
2; 4; 122; 27934
2; 4; 123; 3329
2; 4; 124; 24163
2; 4; 125; 810
2; 4; 126; 28546
2; 4; 127; 24164
2; 4; 128; 5185
2; 4; 129; 32950
2; 4; 130; 21839
2; 4; 131; 23862
2; 4; 132; 5762
2; 4; 133; 6813
2; 4; 134; 658
2; 4; 135; 32985
2; 4; 136; 33226
2; 4; 137; 33306
2; 4; 138; 9490
2; 4; 139; 32776
2; 4; 140; 7226
2; 4; 141; 19186
2; 4; 142; 8444
2; 4; 143; 18996
2; 4; 144; 28367
2; 4; 145; 21589
2; 4; 146; 651
2; 4; 147; 5927
2; 4; 148; 6759
2; 4; 149; 33991
2; 4; 150; 21147
2; 4; 151; 6255
2; 4; 152; 7867
2; 4; 153; 932
2; 4; 154; 8492
2; 4; 155; 2840
2; 4; 156; 28985
2; 4; 157; 6378
2; 4; 158; 15031
2; 4; 159; 33513
2; 4; 160; 32245
2; 4; 161; 0
1; 4; 162; 33666
1; 4; 163; 16575
1; 4; 164; 114
1; 4; 165; 27965
1; 4; 166; 30026
1; 4; 167; 5209
1; 4; 168; 22184
1; 4; 169; 6498
1; 4; 170; 28516
1; 4; 171; 4986
1; 4; 172; 7617
1; 4; 173; 6340
1; 4; 174; 3140
1; 4; 175; 5063
1; 4; 176; 5232
1; 4; 177; 2100
1; 4; 178; 18872
1; 4; 179; 8361
1; 4; 180; 1903
1; 4; 181; 820
1; 4; 182; 4775
1; 4; 183; 4831
1; 4; 184; 22296
1; 4; 185; 32568
1; 4; 186; 8211
1; 4; 187; 325
1; 4; 188; 5636
1; 4; 189; 5729
1; 4; 190; 18
1; 4; 191; 4763
1; 4; 192; 5056
1; 4; 193; 5339
1; 4; 194; 24120
1; 4; 195; 5004
1; 4; 196; 22171
1; 4; 197; 28289
1; 4; 198; 5116
1; 4; 199; 1959
1; 4; 200; 19377
1; 4; 201; 4748
1; 4; 202; 4797
1; 4; 203; 5555
1; 4; 204; 7740
1; 4; 205; 34219
1; 4; 206; 4752
1; 4; 207; 6147
1; 4; 208; 17907
1; 4; 209; 34121
1; 4; 210; 5039
1; 4; 211; 7480
1; 4; 212; 5219
1; 4; 213; 1407
1; 4; 214; 5224
1; 4; 215; 26079
1; 4; 216; 5015
1; 4; 217; 4798
1; 4; 218; 7953
1; 4; 219; 8141
1; 4; 220; 5012
1; 4; 221; 33211
1; 4; 222; 5201
1; 4; 223; 19697
1; 4; 224; 7308
1; 4; 225; 122
1; 4; 226; 25678
1; 4; 227; 5050
1; 4; 228; 4783
1; 4; 229; 5127
1; 4; 230; 4766
1; 4; 231; 32559
1; 4; 232; 6603
1; 4; 233; 5178
1; 4; 234; 2697
1; 4; 235; 1751
1; 4; 236; 8414
1; 4; 237; 6272
1; 4; 238; 30238
1; 4; 239; 1875
1; 4; 240; 1876
1; 4; 241; 31913
1; 4; 242; 5142
1; 4; 243; 5564
1; 4; 244; 5082
1; 4; 245; 6144
1; 4; 246; 898
1; 4; 247; 1826
1; 4; 248; 25100
1; 4; 249; 34841
1; 4; 250; 4755
1; 4; 251; 338
1; 4; 252; 32285
1; 4; 253; 15825
1; 4; 254; 1739
1; 4; 255; 5049
1; 4; 256; 2698
1; 4; 257; 0
2; 4; 258; 4926
2; 4; 259; 4814
2; 4; 260; 4878
2; 4; 261; 5139
2; 4; 262; 29175
2; 4; 263; 24118
2; 4; 264; 2456
2; 4; 265; 6828
2; 4; 266; 930
2; 4; 267; 3295
2; 4; 268; 7430
2; 4; 269; 30657
2; 4; 270; 23391
2; 4; 271; 1174
2; 4; 272; 34374
2; 4; 273; 31608
2; 4; 274; 557
2; 4; 275; 22825
2; 4; 276; 31188
2; 4; 277; 7011
2; 4; 278; 34650
2; 4; 279; 34646
2; 4; 280; 23726
2; 4; 281; 7237
2; 4; 282; 26046
2; 4; 283; 5682
2; 4; 284; 620
2; 4; 285; 2259
2; 4; 286; 7040
2; 4; 287; 30375
2; 4; 288; 24528
2; 4; 289; 2191
2; 4; 290; 2188
2; 4; 291; 0
