1; 0; 544; 4992
1; 0; 495; 22184
1; 0; 438; 1181
1; 0; 824; 1018
1; 0; 273; 1625
1; 0; 287; 0
2; 0; 698; 1211
2; 0; 719; 34366
2; 0; 812; 26265
2; 0; 709; 31136
2; 0; 902; 7184
2; 0; 103; 950
2; 0; 258; 5131
2; 0; 258; 4852
2; 0; 287; 363
2; 0; 473; 28784
2; 0; 278; 2091
2; 0; 287; 0
1; 1; 678; 1590
1; 1; 899; 32681
1; 1; 211; 4631
1; 1; 519; 1959
1; 1; 312; 6809
1; 1; 354; 31898
1; 1; 526; 5092
1; 1; 287; 0
2; 1; 572; 5204
2; 1; 338; 20621
2; 1; 6; 33318
2; 1; 704; 4367
2; 1; 1094; 5878
2; 1; 511; 4858
2; 1; 287; 0
1; 2; 598; 537
1; 2; 315; 5004
1; 2; 941; 32168
1; 2; 1049; 31183
1; 2; 76; 984
1; 2; 205; 5636
1; 2; 287; 0
2; 2; 75; 26763
2; 2; 561; 5055
2; 2; 251; 4746
2; 2; 582; 5052
2; 2; 836; 30089
2; 2; 404; 31461
2; 2; 502; 27965
2; 2; 378; 32889
2; 2; 975; 844
2; 2; 944; 7097
2; 2; 287; 0
1; 3; 948; 7505
1; 3; 1009; 1669
1; 3; 594; 1934
1; 3; 201; 16580
1; 3; 226; 1585
1; 3; 626; 8234
1; 3; 339; 15458
1; 3; 372; 4775
1; 3; 545; 30969
1; 3; 222; 20512
1; 3; 287; 0
2; 3; 178; 892
2; 3; 1002; 8188
2; 3; 789; 29975
2; 3; 987; 8131
2; 3; 167; 23070
2; 3; 280; 8418
2; 3; 459; 5105
2; 3; 512; 5037
2; 3; 287; 0
1; 4; 572; 6316
1; 4; 974; 30382
1; 4; 387; 1755
1; 4; 156; 24306
1; 4; 298; 24162
1; 4; 213; 5053
1; 4; 470; 6498
1; 4; 1044; 29342
1; 4; 1008; 880
1; 4; 1042; 661
1; 4; 228; 3292
1; 4; 287; 0
2; 4; 687; 836
2; 4; 114; 32985
2; 4; 216; 3046
2; 4; 796; 1599
2; 4; 1007; 1378
2; 4; 882; 23456
2; 4; 791; 28198
2; 4; 684; 1337
2; 4; 740; 20963
2; 4; 632; 31188
2; 4; 1040; 972
2; 4; 491; 2699
2; 4; 940; 31441
2; 4; 284; 5232
2; 4; 344; 4350
2; 4; 408; 32601
2; 4; 351; 7211
2; 4; 383; 32102
2; 4; 287; 0
