1; 0; 1; 7772
1; 0; 2; 31020
1; 0; 3; 33346
1; 0; 4; 33666
1; 0; 5; 23728
1; 0; 6; 363
1; 0; 7; 2688
1; 0; 8; 3223
1; 0; 9; 1854
1; 0; 10; 21335
1; 0; 11; 2836
1; 0; 12; 0
2; 0; 13; 33236
2; 0; 14; 28899
2; 0; 15; 4986
2; 0; 16; 24021
2; 0; 17; 2184
2; 0; 18; 31663
2; 0; 19; 31661
2; 0; 20; 31658
2; 0; 21; 1601
2; 0; 22; 5107
2; 0; 23; 5152
2; 0; 24; 30528
2; 0; 25; 22171
2; 0; 26; 2621
2; 0; 27; 15426
2; 0; 28; 1772
2; 0; 29; 1727
2; 0; 30; 4844
2; 0; 31; 7953
2; 0; 32; 1751
2; 0; 33; 6272
2; 0; 34; 5082
2; 0; 35; 6144
2; 0; 36; 31913
2; 0; 37; 5564
2; 0; 38; 30968
2; 0; 39; 29895
2; 0; 40; 31461
2; 0; 41; 17201
2; 0; 42; 15142
2; 0; 43; 7740
2; 0; 44; 30875
2; 0; 45; 1995
2; 0; 46; 5093
2; 0; 47; 1888
2; 0; 48; 25860
2; 0; 49; 6865
2; 0; 50; 29509
2; 0; 51; 24120
2; 0; 52; 26079
2; 0; 53; 5012
2; 0; 54; 4970
2; 0; 55; 19697
2; 0; 56; 4838
2; 0; 57; 7308
2; 0; 58; 4752
2; 0; 59; 2300
2; 0; 60; 2757
2; 0; 61; 4763
2; 0; 62; 5170
2; 0; 63; 5176
2; 0; 64; 6587
2; 0; 65; 24306
2; 0; 66; 7357
2; 0; 67; 7355
2; 0; 68; 1085
2; 0; 69; 1223
2; 0; 70; 930
2; 0; 71; 31441
2; 0; 72; 23037
2; 0; 73; 733
2; 0; 74; 7979
2; 0; 75; 7137
2; 0; 76; 5970
2; 0; 77; 747
2; 0; 78; 7424
2; 0; 79; 835
2; 0; 80; 32168
2; 0; 81; 812
2; 0; 82; 5473
2; 0; 83; 7070
2; 0; 84; 880
2; 0; 85; 20412
2; 0; 86; 22483
2; 0; 87; 701
2; 0; 88; 956
2; 0; 89; 33996
2; 0; 90; 7374
2; 0; 91; 4487
2; 0; 92; 1669
2; 0; 93; 20328
2; 0; 94; 1043
2; 0; 95; 1731
2; 0; 96; 642
2; 0; 97; 33104
2; 0; 98; 34288
2; 0; 99; 5037
2; 0; 100; 34762
2; 0; 101; 0
1; 1; 1; 32946
1; 1; 2; 2188
1; 1; 3; 1583
1; 1; 4; 1213
1; 1; 5; 203
1; 1; 6; 204
1; 1; 7; 256
1; 1; 8; 18009
1; 1; 9; 34050
1; 1; 10; 32973
1; 1; 11; 4337
1; 1; 12; 24882
1; 1; 13; 7720
1; 1; 14; 26706
1; 1; 15; 20255
1; 1; 16; 1254
1; 1; 17; 1924
1; 1; 18; 31900
1; 1; 19; 20963
1; 1; 20; 1278
1; 1; 21; 836
1; 1; 22; 34366
1; 1; 23; 8497
1; 1; 24; 1312
1; 1; 25; 1211
1; 1; 26; 2939
1; 1; 27; 29885
1; 1; 28; 6654
1; 1; 29; 933
1; 1; 30; 30149
1; 1; 31; 26190
1; 1; 32; 26401
1; 1; 33; 31961
1; 1; 34; 24295
1; 1; 35; 1273
1; 1; 36; 1590
1; 1; 37; 1506
1; 1; 38; 30365
1; 1; 39; 25745
1; 1; 40; 15911
1; 1; 41; 8363
1; 1; 42; 31323
1; 1; 43; 8188
1; 1; 44; 960
1; 1; 45; 34424
1; 1; 46; 0
2; 1; 47; 7774
2; 1; 48; 0
1; 2; 1; 6503
1; 2; 2; 26241
1; 2; 3; 33532
1; 2; 4; 8361
1; 2; 5; 1585
1; 2; 6; 4235
1; 2; 7; 31658
1; 2; 8; 6168
1; 2; 9; 2100
1; 2; 10; 18872
1; 2; 11; 1903
1; 2; 12; 7941
1; 2; 13; 4974
1; 2; 14; 4749
1; 2; 15; 2680
1; 2; 16; 4845
1; 2; 17; 4935
1; 2; 18; 31661
1; 2; 19; 4851
1; 2; 20; 4631
1; 2; 21; 4823
1; 2; 22; 0
2; 2; 23; 33666
2; 2; 24; 4878
2; 2; 25; 19000
2; 2; 26; 661
2; 2; 27; 972
2; 2; 28; 5215
2; 2; 29; 5111
2; 2; 30; 5141
2; 2; 31; 4985
2; 2; 32; 5804
2; 2; 33; 6010
2; 2; 34; 820
2; 2; 35; 4775
2; 2; 36; 4831
2; 2; 37; 22296
2; 2; 38; 32568
2; 2; 39; 8413
2; 2; 40; 8030
2; 2; 41; 5126
2; 2; 42; 5114
2; 2; 43; 15487
2; 2; 44; 5983
2; 2; 45; 5239
2; 2; 46; 5105
2; 2; 47; 5144
2; 2; 48; 19155
2; 2; 49; 5571
2; 2; 50; 5140
2; 2; 51; 4955
2; 2; 52; 5175
2; 2; 53; 4957
2; 2; 54; 4772
2; 2; 55; 2334
2; 2; 56; 4824
2; 2; 57; 19087
2; 2; 58; 28315
2; 2; 59; 24078
2; 2; 60; 8319
2; 2; 61; 6395
2; 2; 62; 5190
2; 2; 63; 29035
2; 2; 64; 28125
2; 2; 65; 4857
2; 2; 66; 4773
2; 2; 67; 6316
2; 2; 68; 7104
2; 2; 69; 325
2; 2; 70; 1625
2; 2; 71; 8211
2; 2; 72; 2832
2; 2; 73; 20690
2; 2; 74; 34458
2; 2; 75; 6315
2; 2; 76; 32809
2; 2; 77; 23810
2; 2; 78; 361
2; 2; 79; 2699
2; 2; 80; 4579
2; 2; 81; 26836
2; 2; 82; 406
2; 2; 83; 32774
2; 2; 84; 28516
2; 2; 85; 30730
2; 2; 86; 21343
2; 2; 87; 29032
2; 2; 88; 23596
2; 2; 89; 1726
2; 2; 90; 30026
2; 2; 91; 1212
2; 2; 92; 16908
2; 2; 93; 5226
2; 2; 94; 8365
2; 2; 95; 4767
2; 2; 96; 603
2; 2; 97; 27965
2; 2; 98; 26515
2; 2; 99; 24043
2; 2; 100; 20215
2; 2; 101; 22704
2; 2; 102; 15074
2; 2; 103; 33686
2; 2; 104; 7492
2; 2; 105; 6771
2; 2; 106; 2500
2; 2; 107; 5209
2; 2; 108; 31663
2; 2; 109; 0
1; 3; 1; 23728
1; 3; 2; 1374
1; 3; 3; 5131
1; 3; 4; 4800
1; 3; 5; 3140
1; 3; 6; 892
1; 3; 7; 5232
1; 3; 8; 6587
1; 3; 9; 6340
1; 3; 10; 795
1; 3; 11; 5053
1; 3; 12; 4950
1; 3; 13; 4829
1; 3; 14; 4949
1; 3; 15; 7617
1; 3; 16; 19836
1; 3; 17; 5063
1; 3; 18; 5205
1; 3; 19; 875
1; 3; 20; 30872
1; 3; 21; 1774
1; 3; 22; 32560
1; 3; 23; 32538
1; 3; 24; 27189
1; 3; 25; 908
1; 3; 26; 907
1; 3; 27; 730
1; 3; 28; 7365
1; 3; 29; 7357
1; 3; 30; 16960
1; 3; 31; 7371
1; 3; 32; 7355
1; 3; 33; 26248
1; 3; 34; 7372
1; 3; 35; 24306
1; 3; 36; 887
1; 3; 37; 4815
1; 3; 38; 4774
1; 3; 39; 4814
1; 3; 40; 4926
1; 3; 41; 34582
1; 3; 42; 22184
1; 3; 43; 4782
1; 3; 44; 16575
1; 3; 45; 33236
1; 3; 46; 0
2; 3; 47; 34672
2; 3; 48; 34762
2; 3; 49; 4977
2; 3; 50; 34878
2; 3; 51; 5189
2; 3; 52; 5929
2; 3; 53; 31679
2; 3; 54; 34739
2; 3; 55; 26079
2; 3; 56; 20793
2; 3; 57; 32778
2; 3; 58; 4904
2; 3; 59; 32606
2; 3; 60; 31548
2; 3; 61; 2697
2; 3; 62; 6603
2; 3; 63; 5050
2; 3; 64; 4903
2; 3; 65; 4816
2; 3; 66; 338
2; 3; 67; 1876
2; 3; 68; 5550
2; 3; 69; 8414
2; 3; 70; 4755
2; 3; 71; 8327
2; 3; 72; 5127
2; 3; 73; 25100
2; 3; 74; 1826
2; 3; 75; 7541
2; 3; 76; 5178
2; 3; 77; 4934
2; 3; 78; 8141
2; 3; 79; 122
2; 3; 80; 7308
2; 3; 81; 25969
2; 3; 82; 19377
2; 3; 83; 5787
2; 3; 84; 4956
2; 3; 85; 5202
2; 3; 86; 29921
2; 3; 87; 8244
2; 3; 88; 15458
2; 3; 89; 24162
2; 3; 90; 5159
2; 3; 91; 30152
2; 3; 92; 29730
2; 3; 93; 5128
2; 3; 94; 5407
2; 3; 95; 5005
2; 3; 96; 32702
2; 3; 97; 31898
2; 3; 98; 30969
2; 3; 99; 7740
2; 3; 100; 7300
2; 3; 101; 4796
2; 3; 102; 26054
2; 3; 103; 32601
2; 3; 104; 20010
2; 3; 105; 1760
2; 3; 106; 30229
2; 3; 107; 1824
2; 3; 108; 4748
2; 3; 109; 7480
2; 3; 110; 34121
2; 3; 111; 7211
2; 3; 112; 24120
2; 3; 113; 7953
2; 3; 114; 15940
2; 3; 115; 4753
2; 3; 116; 34910
2; 3; 117; 34679
2; 3; 118; 27613
2; 3; 119; 5362
2; 3; 120; 1728
2; 3; 121; 17095
2; 3; 122; 5010
2; 3; 123; 15760
2; 3; 124; 5351
2; 3; 125; 15825
2; 3; 126; 26064
2; 3; 127; 25678
2; 3; 128; 34219
2; 3; 129; 4958
2; 3; 130; 2539
2; 3; 131; 6925
2; 3; 132; 4969
2; 3; 133; 4780
2; 3; 134; 5018
2; 3; 135; 5116
2; 3; 136; 23070
2; 3; 137; 895
2; 3; 138; 33211
2; 3; 139; 5017
2; 3; 140; 4763
2; 3; 141; 31279
2; 3; 142; 17969
2; 3; 143; 4994
2; 3; 144; 4992
2; 3; 145; 1181
2; 3; 146; 33024
2; 3; 147; 6887
2; 3; 148; 1663
2; 3; 149; 4750
2; 3; 150; 6286
2; 3; 151; 2949
2; 3; 152; 4910
2; 3; 153; 32889
2; 3; 154; 0
1; 4; 1; 358
1; 4; 2; 4734
1; 4; 3; 0
2; 4; 4; 15272
2; 4; 5; 3018
2; 4; 6; 4981
2; 4; 7; 27327
2; 4; 8; 7309
2; 4; 9; 31658
2; 4; 10; 33666
2; 4; 11; 28082
2; 4; 12; 31661
2; 4; 13; 7161
2; 4; 14; 31663
2; 4; 15; 2682
2; 4; 16; 25920
2; 4; 17; 5682
2; 4; 18; 537
2; 4; 19; 572
2; 4; 20; 31188
2; 4; 21; 33947
2; 4; 22; 7314
2; 4; 23; 6955
2; 4; 24; 526
2; 4; 25; 27124
2; 4; 26; 32876
2; 4; 27; 34199
2; 4; 28; 33976
2; 4; 29; 2188
2; 4; 30; 2740
2; 4; 31; 23110
2; 4; 32; 550
2; 4; 33; 7316
2; 4; 34; 7237
2; 4; 35; 0
