1; 0; 80; 4881
1; 0; 987; 8131
1; 0; 8; 809
1; 0; 120; 8492
1; 0; 993; 956
1; 0; 643; 526
1; 0; 322; 29730
1; 0; 937; 5970
1; 0; 354; 31898
1; 0; 304; 4978
1; 0; 1040; 972
1; 0; 770; 1247
1; 0; 762; 853
1; 0; 594; 1934
1; 0; 724; 33162
1; 0; 260; 6503
1; 0; 376; 5038
1; 0; 287; 0
2; 0; 879; 15958
2; 0; 810; 18009
2; 0; 264; 4829
2; 0; 967; 27137
2; 0; 152; 4721
2; 0; 779; 8331
2; 0; 781; 1280
2; 0; 693; 1335
2; 0; 446; 8365
2; 0; 287; 0
1; 1; 804; 1336
1; 1; 379; 28825
1; 1; 37; 908
1; 1; 898; 395
1; 1; 439; 4956
1; 1; 1050; 30164
1; 1; 1031; 26243
1; 1; 1093; 1602
1; 1; 287; 0
2; 1; 981; 7646
2; 1; 206; 8030
2; 1; 980; 29087
2; 1; 1068; 4088
2; 1; 452; 4994
2; 1; 156; 7371
2; 1; 643; 1324
2; 1; 287; 0
1; 2; 102; 7814
1; 2; 115; 1008
1; 2; 529; 5166
1; 2; 479; 2500
1; 2; 547; 1826
1; 2; 315; 5056
1; 2; 353; 4884
1; 2; 545; 30969
1; 2; 287; 0
2; 2; 477; 4825
2; 2; 464; 4988
2; 2; 1094; 5878
2; 2; 208; 4977
2; 2; 284; 5232
2; 2; 291; 2839
2; 2; 287; 0
1; 3; 628; 557
1; 3; 618; 7714
1; 3; 615; 7477
1; 3; 877; 6321
1; 3; 1004; 32109
1; 3; 149; 6759
1; 3; 306; 4798
1; 3; 783; 22147
1; 3; 405; 4910
1; 3; 286; 7774
1; 3; 287; 0
2; 3; 556; 6272
2; 3; 796; 1599
2; 3; 378; 32889
2; 3; 291; 28495
2; 3; 287; 0
1; 4; 329; 30968
1; 4; 550; 5146
1; 4; 74; 5185
1; 4; 895; 5794
1; 4; 1021; 16132
1; 4; 287; 0
2; 4; 114; 32985
2; 4; 1097; 34306
2; 4; 582; 5052
2; 4; 318; 2621
2; 4; 420; 4608
2; 4; 340; 4879
2; 4; 1041; 29175
2; 4; 270; 8368
2; 4; 495; 22184
2; 4; 470; 6498
2; 4; 256; 32823
2; 4; 287; 0
