1; 0; 1; 27932
1; 0; 2; 33211
1; 0; 3; 2316
1; 0; 4; 972
1; 0; 5; 15945
1; 0; 6; 1731
1; 0; 7; 4858
1; 0; 8; 624
1; 0; 9; 34199
1; 0; 10; 5018
1; 0; 11; 20690
1; 0; 12; 363
1; 0; 13; 1012
1; 0; 14; 783
1; 0; 15; 15487
1; 0; 16; 1888
1; 0; 17; 5105
1; 0; 18; 1625
1; 0; 19; 508
1; 0; 20; 22253
1; 0; 21; 1522
1; 0; 22; 4994
1; 0; 23; 951
1; 0; 24; 34504
1; 0; 25; 26190
1; 0; 26; 30152
1; 0; 27; 6828
1; 0; 28; 28043
1; 0; 29; 28987
1; 0; 30; 30075
1; 0; 31; 4367
1; 0; 32; 3295
1; 0; 33; 6286
1; 0; 34; 29250
1; 0; 35; 4801
1; 0; 36; 32889
1; 0; 37; 7617
1; 0; 38; 0
2; 0; 39; 33849
2; 0; 40; 572
2; 0; 41; 4903
2; 0; 42; 1269
2; 0; 43; 33666
2; 0; 44; 24078
2; 0; 45; 33740
2; 0; 46; 4751
2; 0; 47; 30238
2; 0; 48; 29744
2; 0; 49; 32711
2; 0; 50; 23086
2; 0; 51; 8412
2; 0; 52; 4977
2; 0; 53; 21300
2; 0; 54; 4153
2; 0; 55; 5037
2; 0; 56; 4576
2; 0; 57; 4800
2; 0; 58; 7237
2; 0; 59; 2698
2; 0; 60; 32538
2; 0; 61; 4350
2; 0; 62; 31663
2; 0; 63; 23702
2; 0; 64; 27465
2; 0; 65; 31267
2; 0; 66; 32109
2; 0; 67; 0
1; 1; 1; 5351
1; 1; 2; 8584
1; 1; 3; 571
1; 1; 4; 959
1; 1; 5; 16132
1; 1; 6; 733
1; 1; 7; 21701
1; 1; 8; 30710
1; 1; 9; 24120
1; 1; 10; 1268
1; 1; 11; 33985
1; 1; 12; 32778
1; 1; 13; 22147
1; 1; 14; 7314
1; 1; 15; 32245
1; 1; 16; 2593
1; 1; 17; 6360
1; 1; 18; 31900
1; 1; 19; 1764
1; 1; 20; 3140
1; 1; 21; 29973
1; 1; 22; 7083
1; 1; 23; 697
1; 1; 24; 7953
1; 1; 25; 2184
1; 1; 26; 34825
1; 1; 27; 5762
1; 1; 28; 30199
1; 1; 29; 537
1; 1; 30; 25341
1; 1; 31; 0
2; 1; 32; 25969
2; 1; 33; 21343
2; 1; 34; 16673
2; 1; 35; 15031
2; 1; 36; 7477
2; 1; 37; 24590
2; 1; 38; 1246
2; 1; 39; 7772
2; 1; 40; 29626
2; 1; 41; 5063
2; 1; 42; 8272
2; 1; 43; 8983
2; 1; 44; 24330
2; 1; 45; 1200
2; 1; 46; 7040
2; 1; 47; 4825
2; 1; 48; 6395
2; 1; 49; 2094
2; 1; 50; 31483
2; 1; 51; 29839
2; 1; 52; 406
2; 1; 53; 25860
2; 1; 54; 5856
2; 1; 55; 5166
2; 1; 56; 5055
2; 1; 57; 24125
2; 1; 58; 0
1; 2; 1; 7437
1; 2; 2; 30863
1; 2; 3; 26070
1; 2; 4; 853
1; 2; 5; 1303
1; 2; 6; 31136
1; 2; 7; 1066
1; 2; 8; 33951
1; 2; 9; 6010
1; 2; 10; 934
1; 2; 11; 996
1; 2; 12; 31188
1; 2; 13; 5239
1; 2; 14; 33666
1; 2; 15; 5804
1; 2; 16; 768
1; 2; 17; 3333
1; 2; 18; 31663
1; 2; 19; 5017
1; 2; 20; 1726
1; 2; 21; 1221
1; 2; 22; 30824
1; 2; 23; 3357
1; 2; 24; 0
2; 2; 25; 4749
2; 2; 26; 7480
2; 2; 27; 5636
2; 2; 28; 3223
2; 2; 29; 795
2; 2; 30; 4910
2; 2; 31; 32823
2; 2; 32; 34909
2; 2; 33; 6478
2; 2; 34; 30657
2; 2; 35; 32245
2; 2; 36; 317
2; 2; 37; 8290
2; 2; 38; 767
2; 2; 39; 7316
2; 2; 40; 5542
2; 2; 41; 8131
2; 2; 42; 4579
2; 2; 43; 6527
2; 2; 44; 30968
2; 2; 45; 2621
2; 2; 46; 23890
2; 2; 47; 7309
2; 2; 48; 15180
2; 2; 49; 3018
2; 2; 50; 4981
2; 2; 51; 25505
2; 2; 52; 30026
2; 2; 53; 1040
2; 2; 54; 3292
2; 2; 55; 25704
2; 2; 56; 24164
2; 2; 57; 18872
2; 2; 58; 0
1; 3; 1; 27158
1; 3; 2; 33954
1; 3; 3; 256
1; 3; 4; 26763
1; 3; 5; 18006
1; 3; 6; 5170
1; 3; 7; 4487
1; 3; 8; 20963
1; 3; 9; 204
1; 3; 10; 31904
1; 3; 11; 28825
1; 3; 12; 1212
1; 3; 13; 26243
1; 3; 14; 7300
1; 3; 15; 30809
1; 3; 16; 23160
1; 3; 17; 27932
1; 3; 18; 1010
1; 3; 19; 4986
1; 3; 20; 5128
1; 3; 21; 943
1; 3; 22; 26515
1; 3; 23; 3308
1; 3; 24; 5185
1; 3; 25; 0
2; 3; 26; 4904
2; 3; 27; 29509
2; 3; 28; 6315
2; 3; 29; 5861
2; 3; 30; 22483
2; 3; 31; 395
2; 3; 32; 6813
2; 3; 33; 846
2; 3; 34; 4319
2; 3; 35; 661
2; 3; 36; 28367
2; 3; 37; 1602
2; 3; 38; 28899
2; 3; 39; 5109
2; 3; 40; 4772
2; 3; 41; 338
2; 3; 42; 30382
2; 3; 43; 33532
2; 3; 44; 20793
2; 3; 45; 1064
2; 3; 46; 25543
2; 3; 47; 34050
2; 3; 48; 4750
2; 3; 49; 33024
2; 3; 50; 33513
2; 3; 51; 997
2; 3; 52; 2699
2; 3; 53; 32950
2; 3; 54; 22341
2; 3; 55; 18283
2; 3; 56; 2728
2; 3; 57; 730
2; 3; 58; 32109
2; 3; 59; 5339
2; 3; 60; 33686
2; 3; 61; 34593
2; 3; 62; 5152
2; 3; 63; 30969
2; 3; 64; 32245
2; 3; 65; 5232
2; 3; 66; 6136
2; 3; 67; 1751
2; 3; 68; 0
1; 4; 1; 2939
1; 4; 2; 32102
1; 4; 3; 4755
1; 4; 4; 5004
1; 4; 5; 4987
1; 4; 6; 4895
1; 4; 7; 3349
1; 4; 8; 6863
1; 4; 9; 8369
1; 4; 10; 5012
1; 4; 11; 4991
1; 4; 12; 16580
1; 4; 13; 552
1; 4; 14; 4881
1; 4; 15; 33003
1; 4; 16; 4884
1; 4; 17; 27327
1; 4; 18; 16960
1; 4; 19; 30165
1; 4; 20; 29895
1; 4; 21; 1246
1; 4; 22; 7472
1; 4; 23; 7315
1; 4; 24; 4334
1; 4; 25; 651
1; 4; 26; 747
1; 4; 27; 4804
1; 4; 28; 4851
1; 4; 29; 30872
1; 4; 30; 30157
1; 4; 31; 32245
1; 4; 32; 0
2; 4; 33; 24120
2; 4; 34; 24044
2; 4; 35; 1083
2; 4; 36; 851
2; 4; 37; 4618
2; 4; 38; 30815
2; 4; 39; 31663
2; 4; 40; 4950
2; 4; 41; 4978
2; 4; 42; 4797
2; 4; 43; 6503
2; 4; 44; 27700
2; 4; 45; 32606
2; 4; 46; 4753
2; 4; 47; 809
2; 4; 48; 1139
2; 4; 49; 4358
2; 4; 50; 5005
2; 4; 51; 1805
2; 4; 52; 7953
2; 4; 53; 808
2; 4; 54; 1268
2; 4; 55; 550
2; 4; 56; 658
2; 4; 57; 1018
2; 4; 58; 28985
2; 4; 59; 5204
2; 4; 60; 33666
2; 4; 61; 2524
2; 4; 62; 949
2; 4; 63; 26414
2; 4; 64; 4201
2; 4; 65; 1213
2; 4; 66; 1603
2; 4; 67; 31025
2; 4; 68; 29885
2; 4; 69; 24294
2; 4; 70; 1013
2; 4; 71; 29839
2; 4; 72; 7753
2; 4; 73; 0
