1; 0; 1; 30710
1; 0; 2; 1728
1; 0; 3; 28987
1; 0; 4; 2836
1; 0; 5; 30026
1; 0; 6; 0
2; 0; 7; 18872
2; 0; 8; 3349
2; 0; 9; 6912
2; 0; 10; 203
2; 0; 11; 1010
2; 0; 12; 0
1; 0; 1; 934
1; 0; 2; 6010
1; 0; 3; 7211
1; 0; 4; 34739
1; 0; 5; 33425
1; 0; 6; 15180
1; 0; 7; 1085
1; 0; 8; 550
1; 0; 9; 7617
1; 0; 10; 4752
1; 0; 11; 19697
1; 0; 12; 204
1; 0; 13; 24882
1; 0; 14; 3140
1; 0; 15; 4842
1; 0; 16; 5773
1; 0; 17; 24294
1; 0; 18; 7072
1; 0; 19; 6289
1; 0; 20; 2682
1; 0; 21; 23890
1; 0; 22; 32985
1; 0; 23; 33513
1; 1; 24; 0
2; 0; 25; 34814
2; 0; 26; 1727
2; 0; 27; 16661
2; 0; 28; 29399
2; 0; 29; 4957
2; 0; 30; 31483
2; 0; 31; 33926
2; 0; 32; 5049
2; 0; 33; 5017
2; 0; 34; 17969
2; 0; 35; 4879
2; 0; 36; 23160
2; 0; 37; 26862
2; 0; 38; 4814
2; 0; 39; 4631
2; 0; 40; 25584
2; 1; 41; 0
1; 1; 1; 2832
1; 1; 2; 28517
1; 1; 3; 24461
1; 1; 4; 22341
1; 1; 5; 907
1; 1; 6; 33203
1; 1; 7; 1758
1; 1; 8; 5105
1; 2; 9; 0
2; 1; 10; 5882
2; 1; 11; 5970
2; 1; 12; 20419
2; 1; 13; 859
2; 1; 14; 25745
2; 1; 15; 2212
2; 1; 16; 32261
2; 1; 17; 7226
2; 1; 18; 8607
2; 1; 19; 24163
2; 1; 20; 24822
2; 1; 21; 32300
2; 2; 22; 0
1; 1; 1; 29885
1; 1; 2; 8234
1; 1; 3; 4895
1; 1; 4; 880
1; 1; 5; 2094
1; 1; 6; 574
1; 1; 7; 32823
1; 1; 8; 16697
1; 1; 9; 2314
1; 1; 10; 2300
1; 1; 11; 4804
1; 1; 12; 30875
1; 1; 13; 26515
1; 1; 14; 730
1; 1; 15; 406
1; 1; 16; 8361
1; 1; 17; 16919
1; 1; 18; 4454
1; 1; 19; 5576
1; 1; 20; 30218
1; 1; 21; 16472
1; 1; 22; 18835
1; 1; 23; 34582
1; 1; 24; 4800
1; 1; 25; 5339
1; 3; 26; 0
2; 1; 27; 1640
2; 1; 28; 34825
2; 1; 29; 1760
2; 1; 30; 363
2; 1; 31; 5788
2; 1; 32; 508
2; 1; 33; 24358
2; 1; 34; 32127
2; 1; 35; 4721
2; 1; 36; 8669
2; 1; 37; 2939
2; 1; 38; 1064
2; 1; 39; 32702
2; 1; 40; 29175
2; 1; 41; 1995
2; 1; 42; 1745
2; 1; 43; 15142
2; 1; 44; 1826
2; 1; 45; 19836
2; 1; 46; 1959
2; 1; 47; 5048
2; 3; 48; 0
1; 2; 1; 34909
1; 2; 2; 5039
1; 2; 3; 7009
1; 2; 4; 2483
1; 2; 5; 22184
1; 2; 6; 16580
1; 2; 7; 642
1; 2; 8; 795
1; 2; 9; 2340
1; 2; 10; 9490
1; 2; 11; 7437
1; 2; 12; 33211
1; 2; 13; 30812
1; 2; 14; 5791
1; 2; 15; 8331
1; 2; 16; 4801
1; 2; 17; 767
1; 2; 18; 32370
1; 2; 19; 15031
1; 2; 20; 5729
1; 2; 21; 603
1; 2; 22; 33947
1; 2; 23; 24164
1; 2; 24; 7430
1; 2; 25; 6813
1; 2; 26; 890
1; 2; 27; 30243
1; 4; 28; 0
2; 2; 29; 21335
2; 2; 30; 1000
2; 2; 31; 1324
2; 2; 32; 6771
2; 2; 33; 16960
2; 4; 34; 0
