1; 0; 155; 887
1; 0; 721; 1273
1; 0; 1052; 1303
1; 0; 546; 30370
1; 0; 85; 4340
1; 0; 200; 5107
1; 0; 505; 33666
1; 0; 495; 22184
1; 0; 278; 2091
1; 0; 874; 20844
1; 0; 1054; 30812
1; 0; 292; 3223
1; 0; 287; 358
1; 0; 287; 0
2; 0; 1066; 8033
2; 0; 791; 28198
2; 0; 660; 25248
2; 0; 156; 7370
2; 0; 201; 16580
2; 0; 92; 24257
2; 0; 298; 24162
2; 0; 681; 31156
2; 0; 906; 6274
2; 0; 228; 3292
2; 0; 374; 22296
2; 0; 288; 25188
2; 0; 287; 0
1; 1; 709; 31136
1; 1; 993; 956
1; 1; 199; 4957
1; 1; 512; 5037
1; 1; 772; 1084
1; 1; 566; 5201
1; 1; 315; 5004
1; 1; 868; 121
1; 1; 974; 30382
1; 1; 230; 6315
1; 1; 260; 6503
1; 1; 1051; 18967
1; 1; 339; 4753
1; 1; 287; 0
2; 1; 603; 7314
2; 1; 770; 24705
2; 1; 497; 20215
2; 1; 38; 907
2; 1; 819; 25082
2; 1; 856; 24229
2; 1; 760; 6139
2; 1; 291; 2839
2; 1; 287; 0
1; 2; 192; 2334
1; 2; 507; 21335
1; 2; 128; 964
1; 2; 594; 1934
1; 2; 508; 5139
1; 2; 287; 0
2; 2; 400; 6136
2; 2; 1023; 23990
2; 2; 387; 1755
2; 2; 776; 2593
2; 2; 731; 20453
2; 2; 18; 1010
2; 2; 159; 25649
2; 2; 871; 6270
2; 2; 717; 1068
2; 2; 1014; 811
2; 2; 287; 0
1; 3; 851; 31750
1; 3; 463; 34219
1; 3; 857; 30863
1; 3; 688; 26401
1; 3; 1078; 20328
1; 3; 775; 6169
1; 3; 634; 1155
1; 3; 1064; 783
1; 3; 681; 30825
1; 3; 37; 908
1; 3; 259; 4907
1; 3; 514; 5215
1; 3; 287; 0
2; 3; 692; 6527
2; 3; 303; 6224
2; 3; 870; 23160
2; 3; 678; 1590
2; 3; 806; 885
2; 3; 1037; 30824
2; 3; 493; 26515
2; 3; 1006; 24389
2; 3; 939; 23037
2; 3; 291; 4842
2; 3; 287; 0
1; 4; 117; 658
1; 4; 850; 5773
1; 4; 1021; 16132
1; 4; 703; 30242
1; 4; 317; 6249
1; 4; 985; 5882
1; 4; 935; 30157
1; 4; 450; 5729
1; 4; 517; 28289
1; 4; 284; 5232
1; 4; 291; 28495
1; 4; 287; 0
2; 4; 158; 651
2; 4; 593; 449
2; 4; 997; 881
2; 4; 17; 1184
2; 4; 397; 1727
2; 4; 694; 6654
2; 4; 287; 0
