1; 0; 333; 21276
1; 0; 560; 5351
1; 0; 457; 4857
1; 0; 582; 5052
1; 0; 819; 25082
1; 0; 44; 31189
1; 0; 427; 26079
1; 0; 305; 5017
1; 0; 246; 6168
1; 0; 226; 1585
1; 0; 1042; 661
1; 0; 287; 0
2; 0; 304; 4978
2; 0; 806; 885
2; 0; 1005; 27100
2; 0; 680; 5791
2; 0; 623; 571
2; 0; 220; 4749
2; 0; 860; 17957
2; 0; 8; 809
2; 0; 287; 0
1; 1; 610; 4354
1; 1; 826; 24322
1; 1; 235; 1374
1; 1; 376; 5038
1; 1; 360; 3003
1; 1; 531; 5339
1; 1; 201; 16580
1; 1; 287; 0
2; 1; 80; 4881
2; 1; 396; 31679
2; 1; 351; 7211
2; 1; 144; 30758
2; 1; 152; 4721
2; 1; 224; 18872
2; 1; 286; 7774
2; 1; 279; 4800
2; 1; 287; 0
1; 2; 299; 27613
1; 2; 984; 6828
1; 2; 476; 33686
1; 2; 65; 1005
1; 2; 1049; 31183
1; 2; 258; 5131
1; 2; 1040; 972
1; 2; 490; 16919
1; 2; 287; 0
2; 2; 388; 2306
2; 2; 128; 964
2; 2; 968; 29626
2; 2; 482; 21343
2; 2; 287; 0
1; 3; 778; 1083
1; 3; 685; 1041
1; 3; 979; 23890
1; 3; 857; 30863
1; 3; 291; 4842
1; 3; 284; 5232
1; 3; 17; 1184
1; 3; 33; 875
1; 3; 35; 317
1; 3; 571; 5141
1; 3; 287; 0
2; 3; 167; 23070
2; 3; 483; 26836
2; 3; 810; 18006
2; 3; 874; 20844
2; 3; 558; 338
2; 3; 78; 846
2; 3; 877; 24330
2; 3; 735; 28702
2; 3; 287; 0
1; 4; 361; 8141
1; 4; 1080; 7694
1; 4; 383; 32102
1; 4; 287; 0
2; 4; 649; 25776
2; 4; 760; 6139
2; 4; 429; 8327
2; 4; 174; 30875
2; 4; 145; 17439
2; 4; 681; 31156
2; 4; 156; 26248
2; 4; 287; 0
