1; 0; 1036; 34612
1; 0; 1019; 31152
1; 0; 291; 2839
1; 0; 854; 26558
1; 0; 1049; 31183
1; 0; 851; 31750
1; 0; 144; 30758
1; 0; 339; 15458
1; 0; 287; 0
2; 0; 999; 17665
2; 0; 916; 8983
2; 0; 243; 6340
2; 0; 571; 5141
2; 0; 205; 5636
2; 0; 580; 15825
2; 0; 356; 6217
2; 0; 410; 4896
2; 0; 287; 0
1; 1; 677; 3045
1; 1; 1044; 29342
1; 1; 304; 4978
1; 1; 251; 3140
1; 1; 857; 30863
1; 1; 206; 8030
1; 1; 1056; 1064
1; 1; 824; 1018
1; 1; 1028; 18835
1; 1; 287; 0
2; 1; 803; 22253
2; 1; 889; 5297
2; 1; 812; 26265
2; 1; 693; 1335
2; 1; 634; 1155
2; 1; 382; 4911
2; 1; 510; 4878
2; 1; 287; 0
1; 2; 187; 6289
1; 2; 673; 2259
1; 2; 790; 2483
1; 2; 347; 32702
1; 2; 1045; 22751
1; 2; 1058; 1015
1; 2; 14; 21064
1; 2; 44; 31189
1; 2; 795; 1230
1; 2; 770; 1247
1; 2; 776; 2593
1; 2; 287; 0
2; 2; 113; 3115
2; 2; 1026; 7610
2; 2; 942; 835
2; 2; 224; 18872
2; 2; 592; 8202
2; 2; 1029; 14930
2; 2; 256; 32823
2; 2; 120; 8492
2; 2; 238; 32813
2; 2; 301; 5006
2; 2; 557; 16607
2; 2; 428; 4755
2; 2; 426; 5224
2; 2; 288; 25188
2; 2; 287; 0
1; 3; 431; 19697
1; 3; 921; 16067
1; 3; 588; 584
1; 3; 68; 944
1; 3; 749; 5793
1; 3; 315; 5004
1; 3; 534; 29921
1; 3; 33; 875
1; 3; 287; 358
1; 3; 287; 0
2; 3; 874; 20844
2; 3; 962; 33840
2; 3; 995; 8269
2; 3; 82; 15093
2; 3; 554; 4895
2; 3; 280; 8418
2; 3; 252; 27327
2; 3; 258; 5131
2; 3; 512; 5037
2; 3; 287; 0
1; 4; 572; 6316
1; 4; 860; 17957
1; 4; 413; 2698
1; 4; 657; 1067
1; 4; 1086; 7133
1; 4; 41; 969
1; 4; 555; 30238
1; 4; 550; 5146
1; 4; 582; 5052
1; 4; 491; 2699
1; 4; 944; 7097
1; 4; 1040; 972
1; 4; 497; 22704
1; 4; 287; 0
2; 4; 813; 8333
2; 4; 707; 751
2; 4; 733; 34544
2; 4; 975; 844
2; 4; 951; 817
2; 4; 287; 0
