1; 0; 377; 4981
1; 0; 645; 7072
1; 0; 376; 5038
1; 0; 615; 7477
1; 0; 936; 31151
1; 0; 656; 19375
1; 0; 643; 1324
1; 0; 290; 1854
1; 0; 287; 0
2; 0; 1070; 18837
2; 0; 527; 5362
2; 0; 763; 23702
2; 0; 762; 853
2; 0; 420; 4608
2; 0; 735; 28702
2; 0; 114; 32985
2; 0; 990; 1221
2; 0; 1083; 8272
2; 0; 287; 0
1; 1; 454; 5140
1; 1; 493; 26515
1; 1; 969; 934
1; 1; 657; 1067
1; 1; 896; 23590
1; 1; 694; 6654
1; 1; 344; 4350
1; 1; 238; 32813
1; 1; 224; 18872
1; 1; 497; 22704
1; 1; 474; 32774
1; 1; 446; 8365
1; 1; 291; 28495
1; 1; 287; 0
2; 1; 339; 15458
2; 1; 362; 5127
2; 1; 291; 2839
2; 1; 456; 4824
2; 1; 773; 5792
2; 1; 452; 4994
2; 1; 473; 28784
2; 1; 183; 5804
2; 1; 428; 4755
2; 1; 291; 4842
2; 1; 287; 0
1; 2; 107; 21839
1; 2; 1040; 972
1; 2; 948; 7505
1; 2; 318; 2621
1; 2; 439; 4956
1; 2; 287; 0
2; 2; 655; 25920
2; 2; 111; 8409
2; 2; 426; 5224
2; 2; 700; 851
2; 2; 985; 5882
2; 2; 287; 0
1; 3; 287; 358
1; 3; 885; 32711
1; 3; 118; 29598
1; 3; 70; 696
1; 3; 992; 1522
1; 3; 877; 6321
1; 3; 372; 4775
1; 3; 13; 24163
1; 3; 256; 32823
1; 3; 287; 0
2; 3; 680; 5791
2; 3; 656; 15674
2; 3; 825; 205
2; 3; 980; 29087
2; 3; 833; 6360
2; 3; 1074; 25584
2; 3; 287; 0
1; 4; 1080; 7694
1; 4; 984; 6828
1; 4; 824; 1018
1; 4; 287; 363
1; 4; 278; 2091
1; 4; 264; 4829
1; 4; 287; 0
2; 4; 408; 32601
2; 4; 413; 2698
2; 4; 0; 33226
2; 4; 546; 30370
2; 4; 979; 23890
2; 4; 638; 572
2; 4; 150; 2840
2; 4; 789; 29975
2; 4; 510; 4878
2; 4; 956; 141
2; 4; 610; 4354
2; 4; 247; 21967
2; 4; 287; 0
