1; 0; 321; 18
1; 0; 723; 2516
1; 0; 795; 1230
1; 0; 236; 2627
1; 0; 252; 27327
1; 0; 259; 4907
1; 0; 247; 21967
1; 0; 251; 4746
1; 0; 287; 0
2; 0; 221; 2680
2; 0; 931; 4328
2; 0; 430; 4838
2; 0; 825; 203
2; 0; 937; 5970
2; 0; 383; 32102
2; 0; 410; 4896
2; 0; 118; 29598
2; 0; 975; 844
2; 0; 287; 0
1; 1; 997; 881
1; 1; 1083; 8272
1; 1; 525; 1728
1; 1; 615; 7477
1; 1; 437; 6887
1; 1; 351; 5888
1; 1; 211; 4631
1; 1; 757; 26706
1; 1; 638; 572
1; 1; 907; 19441
1; 1; 103; 950
1; 1; 1054; 30812
1; 1; 287; 0
2; 1; 505; 33666
2; 1; 448; 19987
2; 1; 51; 7226
2; 1; 650; 538
2; 1; 979; 23890
2; 1; 1068; 4088
2; 1; 1041; 29175
2; 1; 287; 0
1; 2; 818; 256
1; 2; 565; 2300
1; 2; 397; 1727
1; 2; 747; 17541
1; 2; 370; 8414
1; 2; 1094; 5878
1; 2; 497; 22704
1; 2; 1067; 3333
1; 2; 159; 25649
1; 2; 260; 6503
1; 2; 693; 1335
1; 2; 914; 6428
1; 2; 917; 6322
1; 2; 287; 0
2; 2; 1045; 22751
2; 2; 994; 7009
2; 2; 803; 22253
2; 2; 278; 2091
2; 2; 594; 1934
2; 2; 864; 753
2; 2; 1062; 1584
2; 2; 315; 5056
2; 2; 547; 1826
2; 2; 985; 5882
2; 2; 287; 0
1; 3; 7; 3329
1; 3; 407; 1895
1; 3; 244; 7617
1; 3; 1021; 16132
1; 3; 287; 0
2; 3; 763; 23702
2; 3; 828; 1272
2; 3; 393; 2707
2; 3; 19; 18716
2; 3; 222; 20512
2; 3; 287; 0
1; 4; 770; 1246
1; 4; 10; 843
1; 4; 255; 5542
1; 4; 488; 7492
1; 4; 13; 24163
1; 4; 201; 16580
1; 4; 416; 5048
1; 4; 306; 4798
1; 4; 305; 5017
1; 4; 287; 0
2; 4; 858; 27158
2; 4; 819; 25082
2; 4; 65; 1005
2; 4; 850; 5773
2; 4; 767; 1254
2; 4; 643; 1324
2; 4; 289; 2836
2; 4; 312; 6809
2; 4; 1032; 24118
2; 4; 156; 26248
2; 4; 224; 18872
2; 4; 287; 0
