1; 0; 1; 4782
1; 0; 2; 358
1; 0; 3; 2524
1; 0; 4; 7300
1; 0; 5; 1063
1; 0; 6; 32370
1; 0; 7; 25584
1; 0; 8; 32300
1; 0; 9; 20255
1; 0; 10; 3322
1; 0; 11; 19186
1; 0; 12; 0
2; 0; 13; 8211
2; 0; 14; 7137
2; 0; 15; 4088
2; 0; 16; 25678
2; 0; 17; 15940
2; 0; 18; 2757
2; 0; 19; 789
2; 0; 20; 2682
2; 0; 21; 7373
2; 0; 22; 5114
2; 0; 23; 19987
2; 0; 24; 32774
2; 0; 25; 5080
2; 0; 26; 1007
2; 0; 27; 1228
2; 0; 28; 5012
2; 0; 29; 7617
2; 0; 30; 15631
2; 0; 31; 31469
2; 0; 32; 1083
2; 0; 33; 31801
2; 0; 34; 20793
2; 0; 35; 2353
2; 0; 36; 5178
2; 0; 37; 19377
2; 0; 38; 2621
2; 0; 39; 7072
2; 0; 40; 30152
2; 0; 41; 0
1; 0; 1; 30875
1; 0; 2; 33954
1; 0; 3; 2456
1; 0; 4; 4618
1; 0; 5; 5298
1; 0; 6; 6094
1; 0; 7; 9016
1; 0; 8; 22825
1; 0; 9; 34582
1; 0; 10; 8368
1; 0; 11; 34878
1; 0; 12; 1732
1; 0; 13; 4740
1; 0; 14; 5146
1; 0; 15; 7941
1; 0; 16; 4842
1; 1; 17; 0
2; 1; 18; 0
1; 1; 1; 1013
1; 1; 2; 32702
1; 1; 3; 7747
1; 1; 4; 26070
1; 1; 5; 25262
1; 1; 6; 768
1; 1; 7; 8410
1; 1; 8; 17095
1; 1; 9; 1726
1; 1; 10; 1876
1; 2; 11; 0
2; 1; 12; 27465
2; 1; 13; 747
2; 2; 14; 0
1; 1; 1; 1603
1; 1; 2; 29975
1; 1; 3; 1727
1; 1; 4; 2314
1; 1; 5; 28315
1; 1; 6; 5788
1; 1; 7; 7070
1; 1; 8; 18009
1; 1; 9; 28517
1; 1; 10; 4755
1; 1; 11; 4775
1; 1; 12; 4956
1; 1; 13; 24125
1; 1; 14; 18872
1; 1; 15; 32711
1; 1; 16; 7694
1; 1; 17; 33203
1; 1; 18; 16062
1; 1; 19; 32606
1; 1; 20; 576
1; 1; 21; 25776
1; 1; 22; 584
1; 1; 23; 29626
1; 1; 24; 33071
1; 1; 25; 7437
1; 3; 26; 0
2; 1; 27; 33206
2; 1; 28; 8319
2; 1; 29; 24389
2; 1; 30; 6139
2; 1; 31; 30186
2; 1; 32; 962
2; 1; 33; 1895
2; 1; 34; 1957
2; 1; 35; 24358
2; 1; 36; 33926
2; 1; 37; 6654
2; 1; 38; 30165
2; 1; 39; 4774
2; 1; 40; 18837
2; 1; 41; 688
2; 1; 42; 20419
2; 1; 43; 30164
2; 1; 44; 15911
2; 1; 45; 8361
2; 1; 46; 31183
2; 1; 47; 572
2; 1; 48; 7774
2; 1; 49; 32889
2; 1; 50; 24118
2; 1; 51; 6603
2; 1; 52; 5832
2; 1; 53; 31548
2; 1; 54; 16575
2; 1; 55; 3219
2; 1; 56; 4987
2; 1; 57; 8365
2; 1; 58; 6828
2; 3; 59; 0
1; 2; 1; 1181
1; 2; 2; 1745
1; 2; 3; 697
1; 2; 4; 23160
1; 2; 5; 34111
1; 2; 6; 32261
1; 2; 7; 1903
1; 2; 8; 34672
1; 2; 9; 1755
1; 2; 10; 1805
1; 2; 11; 19087
1; 2; 12; 32538
1; 2; 13; 820
1; 2; 14; 32778
1; 2; 15; 33211
1; 2; 16; 23988
1; 2; 17; 993
1; 2; 18; 5908
1; 2; 19; 30243
1; 2; 20; 4981
1; 2; 21; 33532
1; 2; 22; 25188
1; 2; 23; 1005
1; 2; 24; 29204
1; 2; 25; 33827
1; 2; 26; 8607
1; 2; 27; 945
1; 2; 28; 30160
1; 2; 29; 940
1; 2; 30; 31608
1; 2; 31; 5927
1; 2; 32; 7184
1; 4; 33; 0
2; 2; 34; 5053
2; 2; 35; 5219
2; 2; 36; 881
2; 2; 37; 7867
2; 2; 38; 34050
2; 2; 39; 26558
2; 2; 40; 2862
2; 2; 41; 4907
2; 2; 42; 16132
2; 2; 43; 5473
2; 2; 44; 1064
2; 2; 45; 2516
2; 2; 46; 7753
2; 2; 47; 5093
2; 2; 48; 25465
2; 2; 49; 4779
2; 2; 50; 4487
2; 2; 51; 7720
2; 2; 52; 2511
2; 2; 53; 6181
2; 2; 54; 5141
2; 2; 55; 5861
2; 2; 56; 31898
2; 2; 57; 24590
2; 2; 58; 5111
2; 2; 59; 843
2; 2; 60; 30440
2; 2; 61; 30157
2; 2; 62; 1211
2; 2; 63; 927
2; 2; 64; 30199
2; 4; 65; 0
1; 2; 1; 4838
1; 2; 2; 338
1; 2; 3; 16580
1; 2; 4; 3292
1; 2; 5; 4852
1; 2; 6; 16673
1; 2; 7; 811
1; 2; 8; 25860
1; 5; 9; 0
2; 2; 10; 5052
2; 2; 11; 4991
2; 2; 12; 2091
2; 5; 13; 0
1; 6; 1; 0
2; 3; 2; 4911
2; 3; 3; 1826
2; 3; 4; 22184
2; 6; 5; 0
1; 3; 1; 4935
1; 3; 2; 29266
1; 3; 3; 5190
1; 3; 4; 27965
1; 3; 5; 3223
1; 3; 6; 22771
1; 3; 7; 29893
1; 3; 8; 6865
1; 3; 9; 2840
1; 3; 10; 4359
1; 3; 11; 25341
1; 3; 12; 603
1; 3; 13; 4945
1; 3; 14; 4977
1; 3; 15; 5142
1; 3; 16; 6478
1; 3; 17; 4524
1; 3; 18; 20231
1; 3; 19; 701
1; 3; 20; 24295
1; 3; 21; 4367
1; 3; 22; 8269
1; 3; 23; 204
1; 3; 24; 5126
1; 3; 25; 30411
1; 3; 26; 5576
1; 3; 27; 32746
1; 7; 28; 0
2; 3; 29; 7618
2; 3; 30; 1601
2; 3; 31; 32776
2; 3; 32; 7541
2; 3; 33; 8272
2; 3; 34; 8942
2; 3; 35; 23982
2; 3; 36; 7371
2; 3; 37; 7814
2; 3; 38; 33346
2; 3; 39; 23596
2; 3; 40; 5139
2; 3; 41; 2698
2; 3; 42; 17907
2; 3; 43; 32285
2; 3; 44; 1200
2; 3; 45; 20512
2; 3; 46; 5107
2; 3; 47; 24162
2; 3; 48; 7316
2; 3; 49; 22171
2; 3; 50; 32560
2; 3; 51; 2500
2; 3; 52; 3115
2; 7; 53; 0
1; 4; 1; 203
1; 4; 2; 34331
1; 4; 3; 31188
1; 4; 4; 909
1; 4; 5; 562
1; 4; 6; 21297
1; 4; 7; 7237
1; 4; 8; 28784
1; 4; 9; 33740
1; 4; 10; 34612
1; 4; 11; 785
1; 4; 12; 3295
1; 4; 13; 1139
1; 4; 14; 6378
1; 4; 15; 5794
1; 4; 16; 6813
1; 4; 17; 31020
1; 4; 18; 32809
1; 4; 19; 887
1; 4; 20; 15142
1; 4; 21; 19697
1; 4; 22; 4773
1; 4; 23; 363
1; 4; 24; 1594
1; 4; 25; 919
1; 4; 26; 33947
1; 4; 27; 5970
1; 8; 28; 0
2; 4; 29; 33002
2; 4; 30; 26862
2; 4; 31; 34814
2; 4; 32; 30730
2; 4; 33; 17201
2; 8; 34; 0
1; 4; 1; 1069
1; 4; 2; 1267
1; 4; 3; 7505
1; 4; 4; 28702
1; 4; 5; 26373
1; 9; 6; 0
2; 4; 7; 8030
2; 4; 8; 21335
2; 4; 9; 4579
2; 4; 10; 5682
2; 4; 11; 22704
2; 4; 12; 5215
2; 4; 13; 32952
2; 4; 14; 846
2; 4; 15; 4800
2; 4; 16; 4772
2; 4; 17; 28125
2; 4; 18; 30026
2; 4; 19; 5010
2; 4; 20; 30814
2; 4; 21; 1067
2; 4; 22; 2688
2; 4; 23; 6759
2; 4; 24; 18283
2; 4; 25; 16919
2; 4; 26; 1374
2; 4; 27; 18716
2; 4; 28; 642
2; 4; 29; 1212
2; 4; 30; 6340
2; 4; 31; 2836
2; 4; 32; 4986
2; 4; 33; 31905
2; 4; 34; 1720
2; 4; 35; 812
2; 9; 36; 0
