1; 0; 76; 984
1; 0; 78; 846
1; 0; 510; 4878
1; 0; 959; 31507
1; 0; 52; 7706
1; 0; 656; 19375
1; 0; 357; 4969
1; 0; 548; 5178
1; 0; 514; 5215
1; 0; 287; 0
2; 0; 0; 33226
2; 0; 547; 1826
2; 0; 993; 812
2; 0; 106; 23862
2; 0; 25; 946
2; 0; 102; 7814
2; 0; 571; 5141
2; 0; 1042; 661
2; 0; 278; 2091
2; 0; 287; 0
1; 1; 347; 32702
1; 1; 949; 27692
1; 1; 428; 4755
1; 1; 75; 26763
1; 1; 1013; 23955
1; 1; 775; 6169
1; 1; 781; 1280
1; 1; 774; 766
1; 1; 777; 29744
1; 1; 588; 584
1; 1; 280; 8418
1; 1; 287; 0
2; 1; 948; 7505
2; 1; 772; 1084
2; 1; 931; 4328
2; 1; 249; 4767
2; 1; 270; 8368
2; 1; 214; 25195
2; 1; 376; 5038
2; 1; 211; 4631
2; 1; 287; 0
1; 2; 951; 817
1; 2; 728; 15168
1; 2; 497; 22704
1; 2; 840; 29398
1; 2; 149; 6759
1; 2; 133; 30243
1; 2; 789; 29975
1; 2; 258; 5131
1; 2; 156; 26248
1; 2; 287; 0
2; 2; 683; 29885
2; 2; 366; 25678
2; 2; 38; 907
2; 2; 1094; 5878
2; 2; 183; 5804
2; 2; 374; 22296
2; 2; 264; 4829
2; 2; 230; 6315
2; 2; 287; 0
1; 3; 755; 24295
1; 3; 208; 4977
1; 3; 645; 7072
1; 3; 388; 2306
1; 3; 218; 1903
1; 3; 450; 5729
1; 3; 201; 16580
1; 3; 287; 363
1; 3; 287; 0
2; 3; 652; 31469
2; 3; 409; 5049
2; 3; 136; 941
2; 3; 872; 6181
2; 3; 701; 4618
2; 3; 794; 30149
2; 3; 495; 22184
2; 3; 753; 26862
2; 3; 111; 8409
2; 3; 13; 24163
2; 3; 482; 1212
2; 3; 287; 0
1; 4; 1078; 20328
1; 4; 306; 4798
1; 4; 572; 5204
1; 4; 567; 4804
1; 4; 109; 19770
1; 4; 594; 1934
1; 4; 684; 1337
1; 4; 582; 5052
1; 4; 1051; 18967
1; 4; 287; 0
2; 4; 870; 23160
2; 4; 311; 5018
2; 4; 830; 30383
2; 4; 568; 1758
2; 4; 501; 16575
2; 4; 268; 5205
2; 4; 490; 16919
2; 4; 287; 0
