1; 0; 1; 21335
1; 0; 2; 27700
1; 0; 3; 31323
1; 0; 4; 960
1; 0; 5; 17665
1; 0; 6; 20328
1; 0; 7; 1013
1; 0; 8; 23955
1; 0; 9; 27100
1; 0; 10; 8188
1; 0; 11; 33827
1; 0; 12; 1590
1; 0; 13; 30383
1; 0; 14; 26265
1; 0; 15; 31904
1; 0; 16; 31900
1; 0; 17; 23702
1; 0; 18; 1043
1; 0; 19; 23990
1; 0; 20; 7424
1; 0; 21; 31152
1; 0; 22; 16326
1; 0; 23; 33926
1; 0; 24; 1272
1; 0; 25; 2939
1; 0; 26; 5793
1; 0; 27; 936
1; 0; 28; 34814
1; 0; 29; 3308
1; 0; 30; 15911
1; 0; 31; 32895
1; 0; 32; 30165
1; 0; 33; 1669
1; 0; 34; 2741
1; 0; 35; 1246
1; 0; 36; 32245
1; 0; 37; 1336
1; 0; 38; 6360
1; 0; 39; 34366
1; 0; 40; 30365
1; 0; 41; 1506
1; 0; 42; 2714
1; 0; 43; 25465
1; 0; 44; 6828
1; 0; 45; 835
1; 0; 46; 7137
1; 0; 47; 26862
1; 0; 48; 23852
1; 0; 49; 1269
1; 0; 50; 30089
1; 0; 51; 1066
1; 0; 52; 15265
1; 0; 53; 751
1; 0; 54; 8497
1; 0; 55; 1189
1; 0; 56; 7184
1; 0; 57; 30440
1; 0; 58; 25704
1; 0; 59; 28367
1; 0; 60; 27934
1; 0; 61; 34389
1; 0; 62; 33991
1; 0; 63; 8492
1; 0; 64; 7867
1; 0; 65; 2840
1; 0; 66; 28985
1; 0; 67; 33
1; 0; 68; 19441
1; 0; 69; 31517
1; 0; 70; 6274
1; 0; 71; 4359
1; 0; 72; 8444
1; 0; 73; 32776
1; 0; 74; 19186
1; 0; 75; 21589
1; 0; 76; 19168
1; 0; 77; 33513
1; 0; 78; 7226
1; 0; 79; 33306
1; 0; 80; 29398
1; 0; 81; 33070
1; 0; 82; 16661
1; 0; 83; 18720
1; 0; 84; 28007
1; 0; 85; 0
2; 0; 86; 16908
2; 0; 87; 30730
2; 0; 88; 16575
2; 0; 89; 30026
2; 0; 90; 23596
2; 0; 91; 25213
2; 0; 92; 22704
2; 0; 93; 32109
2; 0; 94; 4319
2; 0; 95; 1241
2; 0; 96; 4779
2; 0; 97; 5792
2; 0; 98; 33002
2; 0; 99; 2241
2; 0; 100; 18887
2; 0; 101; 5679
2; 0; 102; 1256
2; 0; 103; 3134
2; 0; 104; 1254
2; 0; 105; 34504
2; 0; 106; 1278
2; 0; 107; 5791
2; 0; 108; 5036
2; 0; 109; 26706
2; 0; 110; 17541
2; 0; 111; 24294
2; 0; 112; 1268
2; 0; 113; 1255
2; 0; 114; 23037
2; 0; 115; 19000
2; 0; 116; 1188
2; 0; 117; 6168
2; 0; 118; 4631
2; 0; 119; 747
2; 0; 120; 7709
2; 0; 121; 31658
2; 0; 122; 7072
2; 0; 123; 5682
2; 0; 124; 767
2; 0; 125; 25920
2; 0; 126; 27124
2; 0; 127; 31188
2; 0; 128; 28061
2; 0; 129; 4354
2; 0; 130; 571
2; 0; 131; 23155
2; 0; 132; 7316
2; 0; 133; 1017
2; 0; 134; 30814
2; 0; 135; 33976
2; 0; 136; 30411
2; 0; 137; 584
2; 0; 138; 32946
2; 0; 139; 7437
2; 0; 140; 15631
2; 0; 141; 256
2; 0; 142; 804
2; 0; 143; 26070
2; 0; 144; 697
2; 0; 145; 1247
2; 0; 146; 6260
2; 0; 147; 8584
2; 0; 148; 33904
2; 0; 149; 33954
2; 0; 150; 30242
2; 0; 151; 28517
2; 0; 152; 778
2; 0; 153; 203
2; 0; 154; 31136
2; 0; 155; 1068
2; 0; 156; 24449
2; 0; 157; 29892
2; 0; 158; 121
2; 0; 159; 3197
2; 0; 160; 24229
2; 0; 161; 6378
2; 0; 162; 5927
2; 0; 163; 26317
2; 0; 164; 30863
2; 0; 165; 1903
2; 0; 166; 18963
2; 0; 167; 6321
2; 0; 168; 31025
2; 0; 169; 24461
2; 0; 170; 2516
2; 0; 171; 785
2; 0; 172; 34050
2; 0; 173; 0
1; 1; 1; 5788
1; 1; 2; 21701
1; 1; 3; 21807
1; 1; 4; 5056
1; 1; 5; 1732
1; 1; 6; 5017
1; 1; 7; 23070
1; 1; 8; 25969
1; 1; 9; 5127
1; 1; 10; 33425
1; 1; 11; 20621
1; 1; 12; 5221
1; 1; 13; 16697
1; 1; 14; 2707
1; 1; 15; 1728
1; 1; 16; 24120
1; 1; 17; 4994
1; 1; 18; 4988
1; 1; 19; 4798
1; 1; 20; 4879
1; 1; 21; 5144
1; 1; 22; 4608
1; 1; 23; 5571
1; 1; 24; 5190
1; 1; 25; 3349
1; 1; 26; 2682
1; 1; 27; 1303
1; 1; 28; 7720
1; 1; 29; 811
1; 1; 30; 32127
1; 1; 31; 19375
1; 1; 32; 449
1; 1; 33; 2259
1; 1; 34; 6248
1; 1; 35; 1517
1; 1; 36; 1324
1; 1; 37; 538
1; 1; 38; 2212
1; 1; 39; 907
1; 1; 40; 27189
1; 1; 41; 24306
1; 1; 42; 7371
1; 1; 43; 16960
1; 1; 44; 7373
1; 1; 45; 730
1; 1; 46; 34458
1; 1; 47; 8361
1; 1; 48; 795
1; 1; 49; 29032
1; 1; 50; 24021
1; 1; 51; 114
1; 1; 52; 1212
1; 1; 53; 21343
1; 1; 54; 28516
1; 1; 55; 4579
1; 1; 56; 4974
1; 1; 57; 19546
1; 1; 58; 5126
1; 1; 59; 2832
1; 1; 60; 32568
1; 1; 61; 24078
1; 1; 62; 620
1; 1; 63; 7618
1; 1; 64; 30815
1; 1; 65; 526
1; 1; 66; 7040
1; 1; 67; 1934
1; 1; 68; 562
1; 1; 69; 5303
1; 1; 70; 1155
1; 1; 71; 537
1; 1; 72; 622
1; 1; 73; 6955
1; 1; 74; 32245
1; 1; 75; 23795
1; 1; 76; 8290
1; 1; 77; 2862
1; 1; 78; 25776
1; 1; 79; 33206
1; 1; 80; 33849
1; 1; 81; 4763
1; 1; 82; 5636
1; 1; 83; 7359
1; 1; 84; 7355
1; 1; 85; 5058
1; 1; 86; 5061
1; 1; 87; 6359
1; 1; 88; 34121
1; 1; 89; 5039
1; 1; 90; 898
1; 1; 91; 26064
1; 1; 92; 8244
1; 1; 93; 4804
1; 1; 94; 1888
1; 1; 95; 20793
1; 1; 96; 7300
1; 1; 97; 1995
1; 1; 98; 6217
1; 1; 99; 26079
1; 1; 100; 18
1; 1; 101; 5004
1; 1; 102; 31279
1; 1; 103; 34739
1; 1; 104; 122
1; 1; 105; 7953
1; 1; 106; 30969
1; 1; 107; 6888
1; 1; 108; 32702
1; 1; 109; 20010
1; 1; 110; 30370
1; 1; 111; 0
2; 1; 112; 361
2; 1; 113; 2314
2; 1; 114; 7308
2; 1; 115; 5152
2; 1; 116; 5105
2; 1; 117; 4957
2; 1; 118; 28125
2; 1; 119; 30528
2; 1; 120; 5983
2; 1; 121; 6249
2; 1; 122; 5049
2; 1; 123; 5093
2; 1; 124; 30875
2; 1; 125; 1959
2; 1; 126; 32285
2; 1; 127; 4816
2; 1; 128; 338
2; 1; 129; 7541
2; 1; 130; 1739
2; 1; 131; 32559
2; 1; 132; 5082
2; 1; 133; 2836
2; 1; 134; 2839
2; 1; 135; 33346
2; 1; 136; 4986
2; 1; 137; 4949
2; 1; 138; 29175
2; 1; 139; 972
2; 1; 140; 661
2; 1; 141; 996
2; 1; 142; 16132
2; 1; 143; 5473
2; 1; 144; 8272
2; 1; 145; 34486
2; 1; 146; 1223
2; 1; 147; 5970
2; 1; 148; 23890
2; 1; 149; 31441
2; 1; 150; 8033
2; 1; 151; 24882
2; 1; 152; 5882
2; 1; 153; 5232
2; 1; 154; 6587
2; 1; 155; 4845
2; 1; 156; 7309
2; 1; 157; 4910
2; 1; 158; 1764
2; 1; 159; 5555
2; 1; 160; 19987
2; 1; 161; 5128
2; 1; 162; 5107
2; 1; 163; 4824
2; 1; 164; 5109
2; 1; 165; 4991
2; 1; 166; 4350
2; 1; 167; 5362
2; 1; 168; 2698
2; 1; 169; 1745
2; 1; 170; 32601
2; 1; 171; 23728
2; 1; 172; 32823
2; 1; 173; 20231
2; 1; 174; 1407
2; 1; 175; 4780
2; 1; 176; 2316
2; 1; 177; 5189
2; 1; 178; 4969
2; 1; 179; 4740
2; 1; 180; 4958
2; 1; 181; 5005
2; 1; 182; 895
2; 1; 183; 1594
2; 1; 184; 33236
2; 1; 185; 3018
2; 1; 186; 6147
2; 1; 187; 5116
2; 1; 188; 6865
2; 1; 189; 5048
2; 1; 190; 1585
2; 1; 191; 1015
2; 1; 192; 25745
2; 1; 193; 15180
2; 1; 194; 1221
2; 1; 195; 32538
2; 1; 196; 7372
2; 1; 197; 7357
2; 1; 198; 34669
2; 1; 199; 16759
2; 1; 200; 7753
2; 1; 201; 1602
2; 1; 202; 3348
2; 1; 203; 7097
2; 1; 204; 2456
2; 1; 205; 733
2; 1; 206; 30149
2; 1; 207; 7011
2; 1; 208; 33947
2; 1; 209; 2740
2; 1; 210; 25262
2; 1; 211; 34650
2; 1; 212; 572
2; 1; 213; 32300
2; 1; 214; 573
2; 1; 215; 0
1; 2; 1; 7774
1; 2; 2; 32245
1; 2; 3; 34582
1; 2; 4; 32813
1; 2; 5; 4814
1; 2; 6; 24118
1; 2; 7; 839
1; 2; 8; 30164
1; 2; 9; 508
1; 2; 10; 17379
1; 2; 11; 880
1; 2; 12; 935
1; 2; 13; 4088
1; 2; 14; 23922
1; 2; 15; 18837
1; 2; 16; 25341
1; 2; 17; 1007
1; 2; 18; 25584
1; 2; 19; 23391
1; 2; 20; 7791
1; 2; 21; 30657
1; 2; 22; 8607
1; 2; 23; 32562
1; 2; 24; 25248
1; 2; 25; 7714
1; 2; 26; 31469
1; 2; 27; 24528
1; 2; 28; 34593
1; 2; 29; 8234
1; 2; 30; 574
1; 2; 31; 34374
1; 2; 32; 23106
1; 2; 33; 836
1; 2; 34; 24295
1; 2; 35; 20453
1; 2; 36; 33162
1; 2; 37; 22147
1; 2; 38; 29246
1; 2; 39; 8331
1; 2; 40; 1957
1; 2; 41; 1083
1; 2; 42; 18009
1; 2; 43; 3357
1; 2; 44; 20255
1; 2; 45; 933
1; 2; 46; 30825
1; 2; 47; 20419
1; 2; 48; 3141
1; 2; 49; 204
1; 2; 50; 4358
1; 2; 51; 1334
1; 2; 52; 891
1; 2; 53; 2094
1; 2; 54; 20457
1; 2; 55; 4367
1; 2; 56; 24322
1; 2; 57; 6654
1; 2; 58; 1335
1; 2; 59; 22253
1; 2; 60; 8971
1; 2; 61; 32694
1; 2; 62; 4487
1; 2; 63; 7374
1; 2; 64; 8363
1; 2; 65; 31151
1; 2; 66; 27327
1; 2; 67; 16919
1; 2; 68; 24043
1; 2; 69; 15767
1; 2; 70; 7772
1; 2; 71; 25188
1; 2; 72; 4734
1; 2; 73; 2688
1; 2; 74; 4842
1; 2; 75; 5037
1; 2; 76; 34288
1; 2; 77; 5139
1; 2; 78; 812
1; 2; 79; 1522
1; 2; 80; 29087
1; 2; 81; 33996
1; 2; 82; 7694
1; 2; 83; 3333
1; 2; 84; 7070
1; 2; 85; 24047
1; 2; 86; 7083
1; 2; 87; 1012
1; 2; 88; 27365
1; 2; 89; 8269
1; 2; 90; 31961
1; 2; 91; 29885
1; 2; 92; 1332
1; 2; 93; 32864
1; 2; 94; 26401
1; 2; 95; 6912
1; 2; 96; 25082
1; 2; 97; 20963
1; 2; 98; 1924
1; 2; 99; 18006
1; 2; 100; 33840
1; 2; 101; 4337
1; 2; 102; 0
2; 2; 103; 7161
2; 2; 104; 18872
2; 2; 105; 2100
2; 2; 106; 5856
2; 2; 107; 4753
2; 2; 108; 2300
2; 2; 109; 6136
2; 2; 110; 4970
2; 2; 111; 4903
2; 2; 112; 5178
2; 2; 113; 5146
2; 2; 114; 15825
2; 2; 115; 6603
2; 2; 116; 4783
2; 2; 117; 4895
2; 2; 118; 34910
2; 2; 119; 5929
2; 2; 120; 29730
2; 2; 121; 820
2; 2; 122; 34878
2; 2; 123; 325
2; 2; 124; 6395
2; 2; 125; 15426
2; 2; 126; 5224
2; 2; 127; 4772
2; 2; 128; 2334
2; 2; 129; 4945
2; 2; 130; 4857
2; 2; 131; 19155
2; 2; 132; 5202
2; 2; 133; 7211
2; 2; 134; 7480
2; 2; 135; 5175
2; 2; 136; 19087
2; 2; 137; 8412
2; 2; 138; 15487
2; 2; 139; 30809
2; 2; 140; 5159
2; 2; 141; 34219
2; 2; 142; 33211
2; 2; 143; 5351
2; 2; 144; 1755
2; 2; 145; 31679
2; 2; 146; 5009
2; 2; 147; 28819
2; 2; 148; 4884
2; 2; 149; 29509
2; 2; 150; 6925
2; 2; 151; 25678
2; 2; 152; 19697
2; 2; 153; 5092
2; 2; 154; 4748
2; 2; 155; 2621
2; 2; 156; 4934
2; 2; 157; 17907
2; 2; 158; 32778
2; 2; 159; 5564
2; 2; 160; 6144
2; 2; 161; 25100
2; 2; 162; 30152
2; 2; 163; 2539
2; 2; 164; 19377
2; 2; 165; 5239
2; 2; 166; 4955
2; 2; 167; 5140
2; 2; 168; 31658
2; 2; 169; 5170
2; 2; 170; 5176
2; 2; 171; 29035
2; 2; 172; 28315
2; 2; 173; 15272
2; 2; 174; 8413
2; 2; 175; 5204
2; 2; 176; 5114
2; 2; 177; 5166
2; 2; 178; 1772
2; 2; 179; 3046
2; 2; 180; 31913
2; 2; 181; 1875
2; 2; 182; 6272
2; 2; 183; 8414
2; 2; 184; 8327
2; 2; 185; 5729
2; 2; 186; 8211
2; 2; 187; 892
2; 2; 188; 5131
2; 2; 189; 2091
2; 2; 190; 4823
2; 2; 191; 1374
2; 2; 192; 5053
2; 2; 193; 4851
2; 2; 194; 22171
2; 2; 195; 5339
2; 2; 196; 34679
2; 2; 197; 3003
2; 2; 198; 5055
2; 2; 199; 1663
2; 2; 200; 8410
2; 2; 201; 2353
2; 2; 202; 24162
2; 2; 203; 4992
2; 2; 204; 30229
2; 2; 205; 4911
2; 2; 206; 25860
2; 2; 207; 29266
2; 2; 208; 6887
2; 2; 209; 8030
2; 2; 210; 5804
2; 2; 211; 0
1; 3; 1; 1854
1; 3; 2; 27934
1; 3; 3; 28987
1; 3; 4; 2340
1; 3; 5; 943
1; 3; 6; 24257
1; 3; 7; 1200
1; 3; 8; 8369
1; 3; 9; 15093
1; 3; 10; 4953
1; 3; 11; 19950
1; 3; 12; 4721
1; 3; 13; 34331
1; 3; 14; 5762
1; 3; 15; 25586
1; 3; 16; 1720
1; 3; 17; 6478
1; 3; 18; 23110
1; 3; 19; 24180
1; 3; 20; 624
1; 3; 21; 22825
1; 3; 22; 1067
1; 3; 23; 7477
1; 3; 24; 7315
1; 3; 25; 5264
1; 3; 26; 7706
1; 3; 27; 25505
1; 3; 28; 6094
1; 3; 29; 1526
1; 3; 30; 3115
1; 3; 31; 949
1; 3; 32; 24164
1; 3; 33; 9016
1; 3; 34; 29973
1; 3; 35; 810
1; 3; 36; 3329
1; 3; 37; 4334
1; 3; 38; 21064
1; 3; 39; 1566
1; 3; 40; 843
1; 3; 41; 3238
1; 3; 42; 24163
1; 3; 43; 809
1; 3; 44; 1640
1; 3; 45; 945
1; 3; 46; 23862
1; 3; 47; 33306
1; 3; 48; 927
1; 3; 49; 950
1; 3; 50; 846
1; 3; 51; 6813
1; 3; 52; 19770
1; 3; 53; 948
1; 3; 54; 597
1; 3; 55; 29911
1; 3; 56; 942
1; 3; 57; 32950
1; 3; 58; 30758
1; 3; 59; 33740
1; 3; 60; 31047
1; 3; 61; 23982
1; 3; 62; 31905
1; 3; 63; 30199
1; 3; 64; 34825
1; 3; 65; 944
1; 3; 66; 32746
1; 3; 67; 5576
1; 3; 68; 30190
1; 3; 69; 31189
1; 3; 70; 33839
1; 3; 71; 946
1; 3; 72; 644
1; 3; 73; 951
1; 3; 74; 940
1; 3; 75; 32949
1; 3; 76; 23988
1; 3; 77; 33953
1; 3; 78; 1005
1; 3; 79; 7472
1; 3; 80; 6139
1; 3; 81; 853
1; 3; 82; 26190
1; 3; 83; 1273
1; 3; 84; 28007
1; 3; 85; 1603
1; 3; 86; 1267
1; 3; 87; 33985
1; 3; 88; 1211
1; 3; 89; 4618
1; 3; 90; 33781
1; 3; 91; 1063
1; 3; 92; 5298
1; 3; 93; 952
1; 3; 94; 24119
1; 3; 95; 31833
1; 3; 96; 24822
1; 3; 97; 33951
1; 3; 98; 1605
1; 3; 99; 8983
1; 3; 100; 4576
1; 3; 101; 34343
1; 3; 102; 30934
1; 3; 103; 30352
1; 3; 104; 34197
1; 3; 105; 30243
1; 3; 106; 30186
1; 3; 107; 30351
1; 3; 108; 30160
1; 3; 109; 33003
1; 3; 110; 964
1; 3; 111; 18715
1; 3; 112; 696
1; 3; 113; 962
1; 3; 114; 7205
1; 3; 115; 31051
1; 3; 116; 28043
1; 3; 117; 981
1; 3; 118; 25743
1; 3; 119; 5185
1; 3; 120; 24590
1; 3; 121; 21839
1; 3; 122; 4881
1; 3; 123; 8409
1; 3; 124; 1139
1; 3; 125; 26763
1; 3; 126; 17439
1; 3; 127; 941
1; 3; 128; 32985
1; 3; 129; 2524
1; 3; 130; 32952
1; 3; 131; 0
2; 3; 132; 6771
2; 3; 133; 7492
2; 3; 134; 4926
2; 3; 135; 1040
2; 3; 136; 1065
2; 3; 137; 1064
2; 3; 138; 7747
2; 3; 139; 934
2; 3; 140; 29626
2; 3; 141; 1085
2; 3; 142; 844
2; 3; 143; 930
2; 3; 144; 27137
2; 3; 145; 1069
2; 3; 146; 30382
2; 3; 147; 2741
2; 3; 148; 22483
2; 3; 149; 956
2; 3; 150; 1731
2; 3; 151; 7009
2; 3; 152; 20412
2; 3; 153; 16093
2; 3; 154; 34424
2; 3; 155; 1378
2; 3; 156; 24389
2; 3; 157; 30824
2; 3; 158; 30812
2; 3; 159; 31183
2; 3; 160; 4234
2; 3; 161; 34612
2; 3; 162; 701
2; 3; 163; 7505
2; 3; 164; 32168
2; 3; 165; 1247
2; 3; 166; 789
2; 3; 167; 32096
2; 3; 168; 883
2; 3; 169; 31801
2; 3; 170; 6169
2; 3; 171; 1084
2; 3; 172; 2483
2; 3; 173; 5036
2; 3; 174; 16673
2; 3; 175; 29975
2; 3; 176; 31588
2; 3; 177; 851
2; 3; 178; 1255
2; 3; 179; 6895
2; 3; 180; 27958
2; 3; 181; 1179
2; 3; 182; 885
2; 3; 183; 23621
2; 3; 184; 4153
2; 3; 185; 23456
2; 3; 186; 5553
2; 3; 187; 688
2; 3; 188; 22771
2; 3; 189; 24046
2; 3; 190; 1264
2; 3; 191; 1246
2; 3; 192; 3045
2; 3; 193; 24358
2; 3; 194; 1312
2; 3; 195; 1268
2; 3; 196; 29893
2; 3; 197; 1041
2; 3; 198; 21297
2; 3; 199; 766
2; 3; 200; 15945
2; 3; 201; 23880
2; 3; 202; 27692
2; 3; 203; 32109
2; 3; 204; 7979
2; 3; 205; 162
2; 3; 206; 32973
2; 3; 207; 1280
2; 3; 208; 24044
2; 3; 209; 1337
2; 3; 210; 2346
2; 3; 211; 6428
2; 3; 212; 23086
2; 3; 213; 16062
2; 3; 214; 23590
2; 3; 215; 34611
2; 3; 216; 33
2; 3; 217; 3209
2; 3; 218; 17733
2; 3; 219; 20844
2; 3; 220; 6270
2; 3; 221; 24042
2; 3; 222; 395
2; 3; 223; 27158
2; 3; 224; 5794
2; 3; 225; 8435
2; 3; 226; 2511
2; 3; 227; 26558
2; 3; 228; 30075
2; 3; 229; 17714
2; 3; 230; 24330
2; 3; 231; 4318
2; 3; 232; 33071
2; 3; 233; 32261
2; 3; 234; 32370
2; 3; 235; 27561
2; 3; 236; 6181
2; 3; 237; 1000
2; 3; 238; 1583
2; 3; 239; 8201
2; 3; 240; 32735
2; 3; 241; 7237
2; 3; 242; 550
2; 3; 243; 1213
2; 3; 244; 997
2; 3; 245; 1174
2; 3; 246; 0
1; 4; 1; 33236
1; 4; 2; 3223
1; 4; 3; 31020
1; 4; 4; 27965
1; 4; 5; 21967
1; 4; 6; 4235
1; 4; 7; 5063
1; 4; 8; 4746
1; 4; 9; 3292
1; 4; 10; 8418
1; 4; 11; 32809
1; 4; 12; 603
1; 4; 13; 4907
1; 4; 14; 4800
1; 4; 15; 875
1; 4; 16; 31658
1; 4; 17; 7730
1; 4; 18; 8202
1; 4; 19; 32560
1; 4; 20; 1625
1; 4; 21; 4981
1; 4; 22; 17969
1; 4; 23; 5888
1; 4; 24; 4763
1; 4; 25; 5097
1; 4; 26; 5080
1; 4; 27; 887
1; 4; 28; 26248
1; 4; 29; 4985
1; 4; 30; 6286
1; 4; 31; 28289
1; 4; 32; 4838
1; 4; 33; 7953
1; 4; 34; 29921
1; 4; 35; 4831
1; 4; 36; 20512
1; 4; 37; 4829
1; 4; 38; 23728
1; 4; 39; 576
1; 4; 40; 4755
1; 4; 41; 5052
1; 4; 42; 15142
1; 4; 43; 5201
1; 4; 44; 25195
1; 4; 45; 32606
1; 4; 46; 30968
1; 4; 47; 32102
1; 4; 48; 5010
1; 4; 49; 26079
1; 4; 50; 31898
1; 4; 51; 15940
1; 4; 52; 1895
1; 4; 53; 4896
1; 4; 54; 30710
1; 4; 55; 5219
1; 4; 56; 15458
1; 4; 57; 18
1; 4; 58; 4977
1; 4; 59; 1771
1; 4; 60; 24120
1; 4; 61; 4797
1; 4; 62; 1734
1; 4; 63; 17095
1; 4; 64; 22342
1; 4; 65; 1824
1; 4; 66; 26054
1; 4; 67; 5012
1; 4; 68; 8141
1; 4; 69; 27613
1; 4; 70; 5018
1; 4; 71; 7617
1; 4; 72; 5226
1; 4; 73; 28784
1; 4; 74; 6498
1; 4; 75; 2699
1; 4; 76; 1726
1; 4; 77; 20215
1; 4; 78; 5209
1; 4; 79; 6010
1; 4; 80; 4775
1; 4; 81; 23810
1; 4; 82; 4782
1; 4; 83; 26515
1; 4; 84; 22184
1; 4; 85; 26836
1; 4; 86; 406
1; 4; 87; 6315
1; 4; 88; 7941
1; 4; 89; 4773
1; 4; 90; 1181
1; 4; 91; 7308
1; 4; 92; 5050
1; 4; 93; 7355
1; 4; 94; 32245
1; 4; 95; 15760
1; 4; 96; 5832
1; 4; 97; 3205
1; 4; 98; 5205
1; 4; 99; 4767
1; 4; 100; 0
2; 4; 101; 363
2; 4; 102; 34650
2; 4; 103; 7314
2; 4; 104; 768
2; 4; 105; 4749
2; 4; 106; 26241
2; 4; 107; 2627
2; 4; 108; 6503
2; 4; 109; 16580
2; 4; 110; 5787
2; 4; 111; 17201
2; 4; 112; 4844
2; 4; 113; 6809
2; 4; 114; 8319
2; 4; 115; 5111
2; 4; 116; 4524
2; 4; 117; 7357
2; 4; 118; 24306
2; 4; 119; 7359
2; 4; 120; 4815
2; 4; 121; 2949
2; 4; 122; 31461
2; 4; 123; 5407
2; 4; 124; 1758
2; 4; 125; 4987
2; 4; 126; 28899
2; 4; 127; 2500
2; 4; 128; 3219
2; 4; 129; 4935
2; 4; 130; 33532
2; 4; 131; 6587
2; 4; 132; 4774
2; 4; 133; 6340
2; 4; 134; 31267
2; 4; 135; 4950
2; 4; 136; 5542
2; 4; 137; 3140
2; 4; 138; 2680
2; 4; 139; 5038
2; 4; 140; 8368
2; 4; 141; 5141
2; 4; 142; 6316
2; 4; 143; 19836
2; 4; 144; 4852
2; 4; 145; 32889
2; 4; 146; 33686
2; 4; 147; 5215
2; 4; 148; 642
2; 4; 149; 34672
2; 4; 150; 358
2; 4; 151; 32774
2; 4; 152; 5296
2; 4; 153; 6322
2; 4; 154; 20690
2; 4; 155; 2184
2; 4; 156; 8365
2; 4; 157; 22296
2; 4; 158; 7104
2; 4; 159; 6289
2; 4; 160; 1601
2; 4; 161; 4956
2; 4; 162; 5015
2; 4; 163; 5142
2; 4; 164; 1876
2; 4; 165; 34841
2; 4; 166; 4766
2; 4; 167; 1826
2; 4; 168; 1751
2; 4; 169; 16607
2; 4; 170; 5550
2; 4; 171; 5011
2; 4; 172; 31548
2; 4; 173; 2697
2; 4; 174; 24125
2; 4; 175; 4752
2; 4; 176; 4750
2; 4; 177; 33024
2; 4; 178; 28082
2; 4; 179; 7365
2; 4; 180; 34199
2; 4; 181; 30375
2; 4; 182; 4904
2; 4; 183; 1805
2; 4; 184; 2757
2; 4; 185; 4796
2; 4; 186; 1760
2; 4; 187; 6224
2; 4; 188; 4978
2; 4; 189; 1727
2; 4; 190; 0
