1; 0; 310; 22171
1; 0; 700; 851
1; 0; 492; 16908
1; 0; 949; 27692
1; 0; 908; 24822
1; 0; 894; 34343
1; 0; 148; 33740
1; 0; 1075; 33781
1; 0; 606; 7237
1; 0; 97; 4953
1; 0; 608; 622
1; 0; 731; 20453
1; 0; 539; 32559
1; 0; 275; 4945
1; 0; 1020; 1040
1; 0; 211; 4631
1; 0; 970; 162
1; 0; 734; 5344
1; 0; 574; 28315
1; 0; 79; 25586
1; 0; 939; 23037
1; 0; 497; 20215
1; 0; 710; 23852
1; 0; 629; 624
1; 0; 287; 358
1; 0; 731; 20457
1; 0; 1077; 1063
1; 0; 790; 2483
1; 0; 542; 15426
1; 0; 287; 0
2; 0; 53; 31051
2; 0; 137; 962
2; 0; 448; 19987
2; 0; 45; 32949
2; 0; 309; 3349
2; 0; 984; 24882
2; 0; 459; 5105
2; 0; 800; 23106
2; 0; 166; 28367
2; 0; 588; 584
2; 0; 445; 5861
2; 0; 899; 32681
2; 0; 184; 5111
2; 0; 548; 5178
2; 0; 443; 898
2; 0; 253; 32809
2; 0; 995; 8269
2; 0; 103; 950
2; 0; 872; 6181
2; 0; 567; 4804
2; 0; 469; 4991
2; 0; 950; 508
2; 0; 754; 1278
2; 0; 901; 33070
2; 0; 514; 5215
2; 0; 698; 1211
2; 0; 1053; 996
2; 0; 378; 32889
2; 0; 900; 8316
2; 0; 230; 6315
2; 0; 99; 19950
2; 0; 920; 26317
2; 0; 412; 7300
2; 0; 90; 940
2; 0; 931; 4328
2; 0; 190; 15487
2; 0; 549; 24125
2; 0; 156; 7357
2; 0; 824; 1018
2; 0; 212; 795
2; 0; 689; 883
2; 0; 493; 26515
2; 0; 60; 597
2; 0; 749; 5793
2; 0; 234; 4986
2; 0; 98; 32746
2; 0; 429; 8327
2; 0; 481; 29032
2; 0; 556; 6272
2; 0; 982; 1085
2; 0; 1090; 4234
2; 0; 10; 843
2; 0; 1002; 8188
2; 0; 816; 1331
2; 0; 932; 34684
2; 0; 988; 30165
2; 0; 604; 8201
2; 0; 191; 1601
2; 0; 87; 23988
2; 0; 594; 1934
2; 0; 347; 32702
2; 0; 1017; 27700
2; 0; 986; 3348
2; 0; 713; 32079
2; 0; 327; 22342
2; 0; 104; 949
2; 0; 914; 6428
2; 0; 496; 1726
2; 0; 156; 7359
2; 0; 880; 5532
2; 0; 621; 1583
2; 0; 1024; 642
2; 0; 543; 1824
2; 0; 388; 2306
2; 0; 247; 21967
2; 0; 836; 32864
2; 0; 1062; 1584
2; 0; 73; 5298
2; 0; 825; 204
2; 0; 765; 1334
2; 0; 989; 32895
2; 0; 867; 4576
2; 0; 434; 29266
2; 0; 840; 29398
2; 0; 121; 932
2; 0; 395; 2757
2; 0; 308; 7104
2; 0; 176; 17262
2; 0; 334; 21807
2; 0; 9; 27934
2; 0; 411; 4797
2; 0; 383; 32102
2; 0; 703; 30242
2; 0; 216; 3046
2; 0; 319; 5010
2; 0; 193; 19087
2; 0; 1072; 34909
2; 0; 737; 1256
2; 0; 1079; 2741
2; 0; 837; 34504
2; 0; 502; 27965
2; 0; 189; 8319
2; 0; 88; 27932
2; 0; 822; 2094
2; 0; 471; 23596
2; 0; 147; 31047
2; 0; 323; 4844
2; 0; 285; 28899
2; 0; 244; 7617
2; 0; 251; 3140
2; 0; 398; 1734
2; 0; 906; 6274
2; 0; 290; 1854
2; 0; 375; 32568
2; 0; 573; 4773
2; 0; 199; 4957
2; 0; 126; 8369
2; 0; 632; 31188
2; 0; 1036; 34612
2; 0; 54; 890
2; 0; 351; 5888
2; 0; 287; 0
1; 1; 727; 1924
1; 1; 144; 30758
1; 1; 1093; 1602
1; 1; 294; 576
1; 1; 930; 1178
1; 1; 966; 850
1; 1; 348; 6925
1; 1; 381; 2316
1; 1; 460; 5190
1; 1; 416; 5048
1; 1; 828; 1272
1; 1; 572; 5204
1; 1; 296; 29895
1; 1; 806; 885
1; 1; 613; 32735
1; 1; 1026; 7610
1; 1; 374; 22296
1; 1; 789; 29975
1; 1; 1085; 17379
1; 1; 784; 21300
1; 1; 988; 1012
1; 1; 57; 959
1; 1; 157; 27189
1; 1; 452; 4994
1; 1; 833; 6360
1; 1; 363; 6603
1; 1; 167; 23070
1; 1; 892; 6895
1; 1; 933; 1043
1; 1; 280; 8418
1; 1; 849; 32261
1; 1; 817; 29246
1; 1; 41; 969
1; 1; 187; 6289
1; 1; 74; 5185
1; 1; 291; 4842
1; 1; 797; 4736
1; 1; 239; 4814
1; 1; 332; 32778
1; 1; 883; 28022
1; 1; 344; 4350
1; 1; 598; 537
1; 1; 152; 4721
1; 1; 453; 820
1; 1; 287; 363
1; 1; 910; 30075
1; 1; 881; 8699
1; 1; 948; 7505
1; 1; 712; 33002
1; 1; 876; 16062
1; 1; 20; 31027
1; 1; 859; 17714
1; 1; 760; 6139
1; 1; 49; 30199
1; 1; 605; 7316
1; 1; 607; 6248
1; 1; 354; 4780
1; 1; 523; 5189
1; 1; 35; 317
1; 1; 1094; 5878
1; 1; 869; 31833
1; 1; 23; 30351
1; 1; 564; 5142
1; 1; 633; 7315
1; 1; 101; 5927
1; 1; 38; 907
1; 1; 477; 4825
1; 1; 1025; 27465
1; 1; 254; 28082
1; 1; 843; 577
1; 1; 116; 927
1; 1; 778; 1083
1; 1; 775; 6169
1; 1; 75; 26763
1; 1; 691; 20533
1; 1; 706; 29204
1; 1; 494; 4782
1; 1; 419; 8412
1; 1; 277; 5239
1; 1; 472; 6771
1; 1; 1052; 1303
1; 1; 766; 3134
1; 1; 165; 18996
1; 1; 913; 2346
1; 1; 318; 2621
1; 1; 279; 4800
1; 1; 129; 24119
1; 1; 1087; 7430
1; 1; 544; 4992
1; 1; 156; 7371
1; 1; 581; 32285
1; 1; 175; 1995
1; 1; 752; 31961
1; 1; 1011; 960
1; 1; 815; 28007
1; 1; 357; 4969
1; 1; 786; 1268
1; 1; 714; 3330
1; 1; 458; 5170
1; 1; 854; 26558
1; 1; 853; 24042
1; 1; 792; 20419
1; 1; 552; 25100
1; 1; 704; 33954
1; 1; 967; 27137
1; 1; 747; 17541
1; 1; 366; 25678
1; 1; 62; 19186
1; 1; 1069; 33904
1; 1; 338; 20621
1; 1; 644; 8290
1; 1; 13; 24163
1; 1; 440; 4750
1; 1; 811; 778
1; 1; 701; 4618
1; 1; 889; 5297
1; 1; 154; 33991
1; 1; 263; 2949
1; 1; 125; 9490
1; 1; 952; 4487
1; 1; 755; 24295
1; 1; 1; 33306
1; 1; 898; 395
1; 1; 249; 19836
1; 1; 746; 34050
1; 1; 507; 4734
1; 1; 17; 1184
1; 1; 400; 6136
1; 1; 656; 19375
1; 1; 878; 18963
1; 1; 141; 32952
1; 1; 1047; 936
1; 1; 1081; 8584
1; 1; 643; 1324
1; 1; 317; 6249
1; 1; 384; 7480
1; 1; 156; 26248
1; 1; 1050; 30164
1; 1; 180; 4524
1; 1; 427; 26079
1; 1; 487; 15767
1; 1; 156; 7355
1; 1; 624; 574
1; 1; 1013; 23955
1; 1; 671; 7040
1; 1; 825; 203
1; 1; 81; 32950
1; 1; 924; 25543
1; 1; 509; 34288
1; 1; 231; 34458
1; 1; 873; 3209
1; 1; 424; 5929
1; 1; 993; 812
1; 1; 563; 5159
1; 1; 438; 1181
1; 1; 348; 31279
1; 1; 845; 15031
1; 1; 776; 2593
1; 1; 886; 27958
1; 1; 519; 1959
1; 1; 232; 26241
1; 1; 1001; 1731
1; 1; 270; 8368
1; 1; 709; 31136
1; 1; 497; 22704
1; 1; 470; 6498
1; 1; 1064; 783
1; 1; 1009; 1669
1; 1; 724; 33162
1; 1; 848; 28985
1; 1; 538; 30229
1; 1; 1004; 32109
1; 1; 67; 951
1; 1; 535; 8211
1; 1; 821; 22771
1; 1; 133; 30243
1; 1; 1028; 18835
1; 1; 367; 5219
1; 1; 179; 5080
1; 1; 361; 5012
1; 1; 616; 34650
1; 1; 86; 34389
1; 1; 482; 1212
1; 1; 626; 8234
1; 1; 345; 5226
1; 1; 1014; 811
1; 1; 420; 4608
1; 1; 702; 1518
1; 1; 114; 32985
1; 1; 456; 4824
1; 1; 529; 5166
1; 1; 936; 31151
1; 1; 558; 338
1; 1; 15; 810
1; 1; 311; 5018
1; 1; 8; 809
1; 1; 210; 33024
1; 1; 457; 4857
1; 1; 330; 4904
1; 1; 409; 5049
1; 1; 855; 2511
1; 1; 316; 32606
1; 1; 1083; 8272
1; 1; 138; 29911
1; 1; 474; 32774
1; 1; 217; 2314
1; 1; 877; 6321
1; 1; 425; 34910
1; 1; 194; 5983
1; 1; 584; 4766
1; 1; 422; 5571
1; 1; 960; 1213
1; 1; 380; 29509
1; 1; 1012; 23880
1; 1; 156; 16960
1; 1; 29; 730
1; 1; 208; 4977
1; 1; 495; 22184
1; 1; 615; 7477
1; 1; 812; 26265
1; 1; 921; 16067
1; 1; 224; 7309
1; 1; 36; 33203
1; 1; 897; 25704
1; 1; 1055; 8363
1; 1; 912; 33
1; 1; 565; 2300
1; 1; 507; 21335
1; 1; 677; 3045
1; 1; 455; 29035
1; 1; 343; 5005
1; 1; 69; 952
1; 1; 802; 859
1; 1; 40; 909
1; 1; 485; 406
1; 1; 136; 941
1; 1; 306; 4798
1; 1; 186; 8413
1; 1; 858; 27158
1; 1; 705; 6912
1; 1; 501; 16575
1; 1; 222; 20512
1; 1; 257; 4851
1; 1; 320; 17969
1; 1; 890; 1228
1; 1; 520; 4934
1; 1; 169; 122
1; 1; 1048; 4201
1; 1; 266; 5058
1; 1; 708; 16326
1; 1; 447; 4970
1; 1; 927; 27561
1; 1; 1035; 15180
1; 1; 264; 4829
1; 1; 640; 2862
1; 1; 744; 24044
1; 1; 468; 6359
1; 1; 181; 33849
1; 1; 637; 550
1; 1; 142; 28987
1; 1; 242; 4774
1; 1; 1089; 4337
1; 1; 175; 25860
1; 1; 315; 5056
1; 1; 655; 25920
1; 1; 484; 114
1; 1; 1037; 16759
1; 1; 1034; 33104
1; 1; 996; 27365
1; 1; 439; 4956
1; 1; 980; 29087
1; 1; 547; 1826
1; 1; 503; 28516
1; 1; 358; 5009
1; 1; 287; 0
2; 1; 387; 1755
2; 1; 219; 4974
2; 1; 96; 981
2; 1; 649; 25776
2; 1; 751; 697
2; 1; 404; 31461
2; 1; 798; 31801
2; 1; 762; 853
2; 1; 667; 5303
2; 1; 532; 19377
2; 1; 77; 24590
2; 1; 407; 1895
2; 1; 4; 22341
2; 1; 550; 5146
2; 1; 570; 4985
2; 1; 504; 7161
2; 1; 627; 22825
2; 1; 24; 30186
2; 1; 739; 24294
2; 1; 953; 7720
2; 1; 272; 15272
2; 1; 91; 1200
2; 1; 561; 5055
2; 1; 557; 16607
2; 1; 915; 34611
2; 1; 292; 31020
2; 1; 968; 29626
2; 1; 804; 1336
2; 1; 156; 7370
2; 1; 553; 4816
2; 1; 287; 0
1; 2; 525; 1728
1; 2; 1049; 31183
1; 2; 718; 33827
1; 2; 103; 948
1; 2; 156; 7372
1; 2; 331; 20793
1; 2; 780; 1269
1; 2; 120; 8492
1; 2; 1084; 23922
1; 2; 1000; 16093
1; 2; 50; 947
1; 2; 85; 4340
1; 2; 741; 31900
1; 2; 585; 31548
1; 2; 213; 5053
1; 2; 686; 882
1; 2; 1097; 34306
1; 2; 33; 875
1; 2; 342; 895
1; 2; 355; 34739
1; 2; 162; 1526
1; 2; 699; 933
1; 2; 1074; 25584
1; 2; 728; 15168
1; 2; 633; 5264
1; 2; 466; 5061
1; 2; 940; 31441
1; 2; 562; 4740
1; 2; 370; 8414
1; 2; 302; 4763
1; 2; 128; 964
1; 2; 262; 24021
1; 2; 192; 2334
1; 2; 353; 4884
1; 2; 82; 15093
1; 2; 981; 7646
1; 2; 163; 24164
1; 2; 661; 31608
1; 2; 362; 5127
1; 2; 687; 836
1; 2; 291; 28495
1; 2; 579; 2184
1; 2; 923; 18720
1; 2; 531; 5339
1; 2; 559; 5564
1; 2; 841; 6064
1; 2; 177; 4949
1; 2; 674; 620
1; 2; 672; 28061
1; 2; 339; 4753
1; 2; 102; 7814
1; 2; 826; 24322
1; 2; 153; 6813
1; 2; 945; 701
1; 2; 692; 6527
1; 2; 118; 29598
1; 2; 884; 4153
1; 2; 617; 768
1; 2; 820; 1957
1; 2; 124; 8444
1; 2; 1029; 14930
1; 2; 291; 34672
1; 2; 1022; 25745
1; 2; 524; 4958
1; 2; 1043; 19000
1; 2; 500; 24043
1; 2; 115; 1008
1; 2; 140; 28043
1; 2; 599; 573
1; 2; 482; 21343
1; 2; 602; 33947
1; 2; 534; 29921
1; 2; 533; 5202
1; 2; 377; 4981
1; 2; 528; 4748
1; 2; 282; 4845
1; 2; 1082; 32694
1; 2; 578; 1875
1; 2; 463; 34219
1; 2; 506; 2688
1; 2; 462; 4752
1; 2; 84; 2340
1; 2; 151; 8942
1; 2; 108; 25505
1; 2; 333; 21276
1; 2; 681; 31156
1; 2; 1095; 7083
1; 2; 61; 31485
1; 2; 27; 1640
1; 2; 210; 34878
1; 2; 39; 6129
1; 2; 105; 5762
1; 2; 638; 572
1; 2; 218; 1903
1; 2; 95; 943
1; 2; 614; 24180
1; 2; 743; 785
1; 2; 896; 23590
1; 2; 641; 27124
1; 2; 662; 32876
1; 2; 871; 6270
1; 2; 1057; 1065
1; 2; 48; 6255
1; 2; 959; 31507
1; 2; 998; 7070
1; 2; 354; 31898
1; 2; 392; 1764
1; 2; 788; 1603
1; 2; 781; 1280
1; 2; 174; 30875
1; 2; 292; 3223
1; 2; 874; 20844
1; 2; 200; 5107
1; 2; 767; 1254
1; 2; 207; 5856
1; 2; 511; 4858
1; 2; 51; 7226
1; 2; 770; 1247
1; 2; 287; 0
2; 2; 135; 942
2; 2; 958; 34374
2; 2; 403; 4987
2; 2; 303; 6224
2; 2; 865; 33071
2; 2; 227; 2100
2; 2; 1076; 2652
2; 2; 1091; 7747
2; 2; 1058; 1015
2; 2; 1033; 1188
2; 2; 56; 958
2; 2; 233; 4815
2; 2; 803; 22253
2; 2; 298; 24162
2; 2; 229; 4935
2; 2; 768; 32973
2; 2; 1041; 29175
2; 2; 840; 29399
2; 2; 782; 25465
2; 2; 962; 33840
2; 2; 1042; 661
2; 2; 164; 34331
2; 2; 938; 7979
2; 2; 410; 4896
2; 2; 351; 7211
2; 2; 928; 31517
2; 2; 929; 18283
2; 2; 969; 934
2; 2; 616; 34646
2; 2; 1037; 30824
2; 2; 215; 21701
2; 2; 490; 16919
2; 2; 130; 29931
2; 2; 307; 34679
2; 2; 12; 3238
2; 2; 964; 23391
2; 2; 810; 18009
2; 2; 119; 32776
2; 2; 72; 31905
2; 2; 810; 18006
2; 2; 209; 4801
2; 2; 1007; 1378
2; 2; 990; 1221
2; 2; 256; 32823
2; 2; 288; 25188
2; 2; 391; 15142
2; 2; 326; 1772
2; 2; 582; 5052
2; 2; 568; 1758
2; 2; 55; 23876
2; 2; 260; 6503
2; 2; 651; 7618
2; 2; 278; 2091
2; 2; 704; 4367
2; 2; 732; 3322
2; 2; 476; 33686
2; 2; 248; 4950
2; 2; 1027; 29647
2; 2; 861; 32245
2; 2; 676; 25908
2; 2; 639; 34199
2; 2; 891; 31025
2; 2; 612; 1517
2; 2; 479; 2500
2; 2; 1021; 16132
2; 2; 566; 5201
2; 2; 113; 3115
2; 2; 325; 6865
2; 2; 834; 1267
2; 2; 992; 1522
2; 2; 1071; 31483
2; 2; 723; 2516
2; 2; 273; 1625
2; 2; 527; 5362
2; 2; 204; 24078
2; 2; 1003; 31323
2; 2; 1056; 1064
2; 2; 537; 5787
2; 2; 1063; 30657
2; 2; 30; 32560
2; 2; 293; 1594
2; 2; 312; 6809
2; 2; 863; 4357
2; 2; 736; 5679
2; 2; 393; 2707
2; 2; 813; 8333
2; 2; 1066; 8033
2; 2; 783; 22147
2; 2; 888; 143
2; 2; 305; 5017
2; 2; 1046; 34814
2; 2; 408; 32601
2; 2; 352; 2539
2; 2; 763; 23702
2; 2; 19; 18716
2; 2; 791; 28198
2; 2; 903; 33951
2; 2; 328; 17095
2; 2; 449; 8410
2; 2; 295; 30710
2; 2; 683; 29885
2; 2; 360; 3003
2; 2; 156; 7365
2; 2; 866; 29892
2; 2; 1060; 24047
2; 2; 508; 5139
2; 2; 444; 2697
2; 2; 1018; 7753
2; 2; 785; 29893
2; 2; 46; 33003
2; 2; 972; 3295
2; 2; 902; 7184
2; 2; 545; 30969
2; 2; 937; 7137
2; 2; 173; 1888
2; 2; 171; 33211
2; 2; 16; 945
2; 2; 226; 1585
2; 2; 836; 1255
2; 2; 349; 7953
2; 2; 237; 4926
2; 2; 609; 25262
2; 2; 258; 5131
2; 2; 580; 15825
2; 2; 1016; 15911
2; 2; 982; 1069
2; 2; 489; 4579
2; 2; 428; 4755
2; 2; 267; 6395
2; 2; 663; 33206
2; 2; 819; 25082
2; 2; 991; 33996
2; 2; 801; 3141
2; 2; 575; 5144
2; 2; 418; 17201
2; 2; 283; 33532
2; 2; 794; 30149
2; 2; 365; 7308
2; 2; 340; 4879
2; 2; 895; 5794
2; 2; 864; 753
2; 2; 259; 4907
2; 2; 131; 30190
2; 2; 491; 2699
2; 2; 521; 5116
2; 2; 620; 23110
2; 2; 742; 31904
2; 2; 287; 0
1; 3; 756; 33926
1; 3; 1098; 1013
1; 3; 851; 31750
1; 3; 717; 1068
1; 3; 389; 1805
1; 3; 441; 31913
1; 3; 289; 2836
1; 3; 1054; 30812
1; 3; 255; 5542
1; 3; 156; 7373
1; 3; 236; 2627
1; 3; 735; 28702
1; 3; 251; 5063
1; 3; 386; 20010
1; 3; 893; 30440
1; 3; 286; 7772
1; 3; 682; 26190
1; 3; 589; 2191
1; 3; 719; 34366
1; 3; 517; 28289
1; 3; 224; 18872
1; 3; 436; 4751
1; 3; 772; 1084
1; 3; 942; 835
1; 3; 684; 1337
1; 3; 660; 25248
1; 3; 680; 5791
1; 3; 269; 30809
1; 3; 1061; 3308
1; 3; 823; 21297
1; 3; 92; 24257
1; 3; 678; 1590
1; 3; 831; 8971
1; 3; 315; 5004
1; 3; 47; 34825
1; 3; 465; 5407
1; 3; 650; 538
1; 3; 993; 956
1; 3; 748; 26070
1; 3; 44; 31189
1; 3; 172; 6286
1; 3; 139; 8669
1; 3; 68; 944
1; 3; 265; 4955
1; 3; 505; 23728
1; 3; 925; 1605
1; 3; 643; 526
1; 3; 225; 4235
1; 3; 446; 8365
1; 3; 536; 6010
1; 3; 956; 141
1; 3; 505; 33666
1; 3; 659; 1017
1; 3; 526; 5092
1; 3; 59; 30934
1; 3; 14; 21064
1; 3; 879; 15958
1; 3; 745; 1264
1; 3; 183; 5804
1; 3; 1039; 34669
1; 3; 313; 4875
1; 3; 1070; 18837
1; 3; 601; 26046
1; 3; 618; 7714
1; 3; 679; 2728
1; 3; 107; 21839
1; 3; 922; 1189
1; 3; 80; 4881
1; 3; 287; 0
2; 3; 721; 1273
2; 3; 636; 23155
2; 3; 631; 7730
2; 3; 373; 4831
2; 3; 572; 6316
2; 3; 652; 24528
2; 3; 228; 3292
2; 3; 369; 6144
2; 3; 337; 33425
2; 3; 269; 19546
2; 3; 300; 1732
2; 3; 110; 1139
2; 3; 750; 8497
2; 3; 281; 6587
2; 3; 951; 817
2; 3; 3; 865
2; 3; 1086; 7133
2; 3; 999; 17665
2; 3; 435; 1663
2; 3; 730; 1332
2; 3; 652; 31469
2; 3; 862; 32370
2; 3; 632; 7011
2; 3; 185; 325
2; 3; 123; 21589
2; 3; 576; 5109
2; 3; 926; 17733
2; 3; 450; 5729
2; 3; 695; 6260
2; 3; 5; 29943
2; 3; 132; 30218
2; 3; 1038; 7980
2; 3; 150; 2840
2; 3; 221; 2680
2; 3; 955; 1007
2; 3; 261; 31661
2; 3; 261; 31658
2; 3; 577; 1876
2; 3; 546; 30370
2; 3; 530; 15940
2; 3; 947; 22483
2; 3; 486; 15074
2; 3; 1051; 18967
2; 3; 987; 8131
2; 3; 725; 1312
2; 3; 645; 7072
2; 3; 935; 30157
2; 3; 442; 1751
2; 3; 856; 24229
2; 3; 759; 33985
2; 3; 611; 2740
2; 3; 0; 33226
2; 3; 464; 4988
2; 3; 770; 18887
2; 3; 402; 34841
2; 3; 827; 3357
2; 3; 426; 5224
2; 3; 159; 25649
2; 3; 415; 5114
2; 3; 984; 6828
2; 3; 1059; 21094
2; 3; 592; 8202
2; 3; 761; 4358
2; 3; 396; 31679
2; 3; 42; 21179
2; 3; 971; 733
2; 3; 515; 5097
2; 3; 809; 4319
2; 3; 220; 4749
2; 3; 122; 7867
2; 3; 71; 18715
2; 3; 196; 4772
2; 3; 109; 19770
2; 3; 642; 30411
2; 3; 371; 5550
2; 3; 554; 4895
2; 3; 28; 19473
2; 3; 937; 5970
2; 3; 364; 7541
2; 3; 1023; 23990
2; 3; 646; 30814
2; 3; 779; 8331
2; 3; 842; 32386
2; 3; 669; 32127
2; 3; 860; 17957
2; 3; 291; 2839
2; 3; 339; 15458
2; 3; 973; 1223
2; 3; 518; 6147
2; 3; 37; 908
2; 3; 510; 4878
2; 3; 875; 14927
2; 3; 769; 15945
2; 3; 1073; 919
2; 3; 399; 26064
2; 3; 793; 2714
2; 3; 314; 1407
2; 3; 814; 4454
2; 3; 454; 5140
2; 3; 350; 28819
2; 3; 1006; 24389
2; 3; 286; 7774
2; 3; 870; 23160
2; 3; 1078; 20328
2; 3; 1040; 972
2; 3; 877; 24330
2; 3; 595; 30375
2; 3; 413; 2698
2; 3; 372; 4775
2; 3; 182; 3018
2; 3; 832; 20255
2; 3; 376; 5038
2; 3; 76; 984
2; 3; 93; 5576
2; 3; 21; 30160
2; 3; 830; 30383
2; 3; 188; 5126
2; 3; 368; 5082
2; 3; 774; 766
2; 3; 623; 571
2; 3; 397; 7740
2; 3; 149; 6759
2; 3; 287; 361
2; 3; 201; 16580
2; 3; 268; 5205
2; 3; 1031; 26243
2; 3; 417; 3205
2; 3; 587; 34111
2; 3; 175; 5093
2; 3; 844; 6378
2; 3; 168; 25969
2; 3; 158; 651
2; 3; 775; 6863
2; 3; 1032; 24118
2; 3; 770; 1246
2; 3; 916; 8983
2; 3; 738; 24461
2; 3; 688; 26401
2; 3; 654; 32946
2; 3; 722; 1506
2; 3; 32; 30872
2; 3; 590; 552
2; 3; 170; 15760
2; 3; 251; 4746
2; 3; 155; 887
2; 3; 335; 5221
2; 3; 238; 32813
2; 3; 304; 4978
2; 3; 473; 28784
2; 3; 657; 1067
2; 3; 675; 7437
2; 3; 321; 18
2; 3; 2; 4333
2; 3; 729; 804
2; 3; 983; 2456
2; 3; 478; 3219
2; 3; 847; 23086
2; 3; 857; 30863
2; 3; 715; 2241
2; 3; 261; 31663
2; 3; 1067; 3333
2; 3; 1068; 4088
2; 3; 214; 25195
2; 3; 829; 29839
2; 3; 976; 930
2; 3; 512; 5037
2; 3; 835; 24358
2; 3; 1030; 26414
2; 3; 603; 7314
2; 3; 946; 34424
2; 3; 591; 32562
2; 3; 160; 16472
2; 3; 202; 20690
2; 3; 665; 1720
2; 3; 66; 7205
2; 3; 467; 19155
2; 3; 619; 6478
2; 3; 285; 33236
2; 3; 271; 20231
2; 3; 610; 4354
2; 3; 965; 808
2; 3; 258; 4852
2; 3; 203; 7941
2; 3; 100; 33953
2; 3; 711; 1638
2; 3; 997; 881
2; 3; 666; 23795
2; 3; 799; 1241
2; 3; 887; 16661
2; 3; 245; 23810
2; 3; 299; 27613
2; 3; 22; 30352
2; 3; 1015; 747
2; 3; 773; 5792
2; 3; 941; 32168
2; 3; 622; 32300
2; 3; 805; 868
2; 3; 1096; 935
2; 3; 405; 4910
2; 3; 63; 25743
2; 3; 359; 24120
2; 3; 397; 1727
2; 3; 89; 4334
2; 3; 1088; 7472
2; 3; 1045; 22751
2; 3; 385; 4796
2; 3; 322; 29730
2; 3; 34; 32538
2; 3; 978; 7374
2; 3; 346; 1771
2; 3; 64; 23982
2; 3; 961; 997
2; 3; 437; 6887
2; 3; 382; 4911
2; 3; 31; 1774
2; 3; 156; 24306
2; 3; 596; 5682
2; 3; 593; 449
2; 3; 634; 1155
2; 3; 551; 5011
2; 3; 885; 32711
2; 3; 540; 5039
2; 3; 770; 24705
2; 3; 6; 33318
2; 3; 943; 8233
2; 3; 571; 5141
2; 3; 963; 1174
2; 3; 541; 34121
2; 3; 406; 26054
2; 3; 341; 5015
2; 3; 43; 21147
2; 3; 1005; 27100
2; 3; 852; 5296
2; 3; 635; 767
2; 3; 668; 2212
2; 3; 361; 8141
2; 3; 145; 17439
2; 3; 205; 5636
2; 3; 954; 20412
2; 3; 143; 29973
2; 3; 206; 8030
2; 3; 52; 7706
2; 3; 846; 33513
2; 3; 994; 7009
2; 3; 499; 5209
2; 3; 839; 26373
2; 3; 772; 16673
2; 3; 850; 5773
2; 3; 65; 1005
2; 3; 127; 644
2; 3; 1092; 839
2; 3; 235; 1374
2; 3; 1019; 31152
2; 3; 134; 34197
2; 3; 249; 4767
2; 3; 198; 28125
2; 3; 274; 5175
2; 3; 818; 256
2; 3; 807; 23621
2; 3; 697; 31588
2; 3; 522; 17907
2; 3; 488; 7492
2; 3; 868; 121
2; 3; 838; 15265
2; 3; 1080; 7694
2; 3; 11; 1566
2; 3; 401; 16697
2; 3; 195; 5832
2; 3; 432; 1739
2; 3; 905; 19168
2; 3; 461; 30528
2; 3; 716; 688
2; 3; 720; 2939
2; 3; 246; 6168
2; 3; 658; 23726
2; 3; 917; 6322
2; 3; 825; 205
2; 3; 628; 557
2; 3; 197; 29250
2; 3; 569; 30152
2; 3; 7; 3329
2; 3; 433; 4783
2; 3; 250; 31267
2; 3; 664; 34593
2; 3; 112; 28546
2; 3; 161; 6094
2; 3; 1044; 29342
2; 3; 286; 33346
2; 3; 287; 0
1; 4; 882; 23456
1; 4; 83; 5908
1; 4; 26; 33839
1; 4; 808; 1179
1; 4; 430; 4838
1; 4; 757; 26706
1; 4; 25; 946
1; 4; 726; 24449
1; 4; 740; 20963
1; 4; 106; 23862
1; 4; 979; 23890
1; 4; 630; 5229
1; 4; 483; 26836
1; 4; 670; 15631
1; 4; 795; 1230
1; 4; 974; 30382
1; 4; 475; 30730
1; 4; 681; 30825
1; 4; 771; 4779
1; 4; 957; 5473
1; 4; 647; 30815
1; 4; 301; 5006
1; 4; 944; 7097
1; 4; 516; 8244
1; 4; 589; 2188
1; 4; 421; 5152
1; 4; 243; 6340
1; 4; 423; 5128
1; 4; 431; 19697
1; 4; 583; 5050
1; 4; 178; 892
1; 4; 934; 7709
1; 4; 744; 24046
1; 4; 995; 25341
1; 4; 78; 846
1; 4; 796; 1599
1; 4; 111; 8409
1; 4; 597; 562
1; 4; 907; 19441
1; 4; 356; 6217
1; 4; 911; 3197
1; 4; 777; 29744
1; 4; 336; 31023
1; 4; 58; 2524
1; 4; 414; 2832
1; 4; 390; 1745
1; 4; 918; 4318
1; 4; 733; 34544
1; 4; 251; 603
1; 4; 625; 1000
1; 4; 975; 844
1; 4; 1008; 880
1; 4; 693; 1335
1; 4; 324; 1760
1; 4; 397; 5555
1; 4; 690; 789
1; 4; 904; 4359
1; 4; 560; 5351
1; 4; 696; 32096
1; 4; 451; 2353
1; 4; 555; 30238
1; 4; 1010; 7424
1; 4; 18; 1010
1; 4; 513; 34762
1; 4; 228; 2682
1; 4; 287; 0
2; 4; 656; 15674
2; 4; 146; 9016
2; 4; 836; 30089
2; 4; 653; 8607
2; 4; 379; 28825
2; 4; 329; 30968
2; 4; 909; 8435
2; 4; 240; 34582
2; 4; 284; 5232
2; 4; 836; 1066
2; 4; 287; 0
