1; 0; 1; 22751
1; 0; 2; 4454
1; 0; 3; 4852
1; 0; 4; 1040
1; 0; 5; 2259
1; 0; 6; 25584
1; 0; 7; 23990
1; 0; 8; 0
2; 0; 9; 1625
2; 0; 10; 1760
2; 0; 11; 25195
2; 0; 12; 0
1; 0; 13; 1854
1; 0; 14; 29931
1; 0; 15; 4334
1; 0; 16; 5144
1; 0; 17; 28289
1; 0; 18; 34910
1; 0; 19; 317
1; 0; 20; 795
1; 0; 21; 5093
1; 0; 22; 30152
1; 0; 23; 5017
1; 0; 24; 1875
1; 0; 25; 6249
1; 0; 26; 2353
1; 0; 27; 5048
1; 0; 28; 1378
1; 0; 29; 3357
1; 0; 30; 25920
1; 0; 31; 30528
1; 0; 32; 7618
1; 0; 33; 733
1; 0; 34; 8983
1; 0; 35; 956
1; 0; 36; 29744
1; 0; 37; 4337
1; 0; 38; 21276
1; 0; 39; 5055
1; 0; 40; 5189
1; 0; 41; 6217
1; 0; 42; 18835
1; 0; 43; 4831
1; 1; 44; 0
2; 0; 45; 7774
2; 0; 46; 14930
2; 0; 47; 1303
2; 0; 48; 29626
2; 0; 49; 24358
2; 0; 50; 7772
2; 0; 51; 4774
2; 0; 52; 5929
2; 0; 53; 1772
2; 0; 54; 1995
2; 0; 55; 809
2; 0; 56; 32746
2; 0; 57; 8942
2; 0; 58; 751
2; 0; 59; 1184
2; 0; 60; 5037
2; 0; 61; 6289
2; 0; 62; 1601
2; 0; 63; 4816
2; 0; 64; 2184
2; 0; 65; 2862
2; 0; 66; 1758
2; 0; 67; 624
2; 0; 68; 32889
2; 0; 69; 21807
2; 0; 70; 33203
2; 0; 71; 25188
2; 0; 72; 4991
2; 0; 73; 5128
2; 0; 74; 919
2; 0; 75; 7309
2; 0; 76; 1522
2; 0; 77; 27958
2; 1; 78; 0
1; 1; 1; 5082
1; 2; 2; 0
2; 1; 3; 26515
2; 2; 4; 0
1; 1; 5; 7477
1; 1; 6; 4340
1; 1; 7; 24078
1; 1; 8; 34672
1; 1; 9; 1771
1; 1; 10; 30375
1; 1; 11; 2740
1; 1; 12; 18720
1; 1; 13; 3209
1; 1; 14; 20963
1; 1; 15; 24021
1; 1; 16; 33024
1; 1; 17; 4824
1; 1; 18; 26265
1; 1; 19; 34544
1; 1; 20; 3197
1; 1; 21; 21589
1; 1; 22; 32952
1; 1; 23; 31588
1; 1; 24; 32168
1; 1; 25; 6315
1; 1; 26; 2516
1; 1; 27; 4800
1; 1; 28; 30730
1; 1; 29; 7979
1; 1; 30; 1583
1; 1; 31; 6168
1; 1; 32; 2593
1; 1; 33; 859
1; 1; 34; 808
1; 3; 35; 0
2; 1; 36; 951
2; 1; 37; 1280
2; 1; 38; 5050
2; 1; 39; 23810
2; 1; 40; 4088
2; 1; 41; 895
2; 1; 42; 7365
2; 1; 43; 930
2; 1; 44; 1903
2; 1; 45; 22704
2; 1; 46; 7730
2; 1; 47; 1065
2; 1; 48; 22483
2; 1; 49; 20457
2; 1; 50; 933
2; 1; 51; 30365
2; 1; 52; 811
2; 1; 53; 6224
2; 1; 54; 4823
2; 1; 55; 5111
2; 1; 56; 892
2; 1; 57; 5215
2; 1; 58; 2100
2; 1; 59; 28125
2; 1; 60; 1041
2; 1; 61; 3292
2; 1; 62; 1374
2; 1; 63; 22771
2; 1; 64; 20453
2; 1; 65; 5176
2; 3; 66; 0
1; 2; 1; 2212
1; 2; 2; 30075
1; 2; 3; 3348
1; 2; 4; 6169
1; 2; 5; 31323
1; 2; 6; 28516
1; 2; 7; 5018
1; 2; 8; 5146
1; 2; 9; 30186
1; 4; 10; 0
2; 2; 11; 1083
2; 2; 12; 574
2; 2; 13; 29399
2; 2; 14; 32711
2; 2; 15; 4949
2; 2; 16; 34424
2; 2; 17; 27692
2; 2; 18; 34593
2; 4; 19; 0
1; 2; 20; 21179
1; 2; 21; 21839
1; 2; 22; 33425
1; 2; 23; 3115
1; 2; 24; 31507
1; 2; 25; 33976
1; 2; 26; 204
1; 2; 27; 23160
1; 2; 28; 31608
1; 2; 29; 23702
1; 2; 30; 23862
1; 2; 31; 5927
1; 2; 32; 23955
1; 2; 33; 7316
1; 2; 34; 1278
1; 2; 35; 7370
1; 2; 36; 622
1; 5; 37; 0
2; 2; 38; 17541
2; 2; 39; 778
2; 2; 40; 33991
2; 2; 41; 948
2; 2; 42; 395
2; 2; 43; 753
2; 2; 44; 843
2; 2; 45; 7205
2; 2; 46; 34825
2; 2; 47; 34582
2; 5; 48; 0
1; 3; 1; 6139
1; 3; 2; 661
1; 3; 3; 8368
1; 3; 4; 17262
1; 3; 5; 338
1; 3; 6; 8413
1; 3; 7; 141
1; 3; 8; 31485
1; 3; 9; 32370
1; 6; 10; 0
2; 3; 11; 839
2; 3; 12; 31913
2; 3; 13; 30875
2; 3; 14; 17957
2; 3; 15; 4749
2; 3; 16; 30815
2; 3; 17; 24164
2; 3; 18; 5564
2; 3; 19; 1734
2; 3; 20; 4631
2; 6; 21; 0
1; 3; 22; 6359
1; 3; 23; 7211
1; 3; 24; 508
1; 3; 25; 8244
1; 3; 26; 16919
1; 3; 27; 603
1; 3; 28; 1212
1; 3; 29; 6272
1; 3; 30; 34814
1; 3; 31; 16575
1; 3; 32; 6771
1; 3; 33; 29204
1; 3; 34; 6181
1; 3; 35; 30863
1; 3; 36; 34111
1; 3; 37; 23155
1; 3; 38; 15911
1; 3; 39; 7161
1; 3; 40; 30160
1; 3; 41; 22341
1; 3; 42; 32985
1; 3; 43; 997
1; 3; 44; 5097
1; 3; 45; 4750
1; 3; 46; 7070
1; 3; 47; 7083
1; 7; 48; 0
2; 3; 49; 34739
2; 3; 50; 6248
2; 3; 51; 31025
2; 3; 52; 4359
2; 3; 53; 6147
2; 3; 54; 6888
2; 3; 55; 26248
2; 3; 56; 32562
2; 3; 57; 26190
2; 3; 58; 3045
2; 3; 59; 6340
2; 3; 60; 688
2; 3; 61; 8699
2; 3; 62; 1085
2; 3; 63; 30242
2; 3; 64; 15767
2; 3; 65; 19087
2; 3; 66; 1241
2; 3; 67; 358
2; 3; 68; 33849
2; 7; 69; 0
1; 4; 1; 5166
1; 4; 2; 16607
1; 4; 3; 2699
1; 4; 4; 2698
1; 4; 5; 5107
1; 4; 6; 2714
1; 4; 7; 28198
1; 4; 8; 5729
1; 4; 9; 1745
1; 4; 10; 947
1; 4; 11; 644
1; 4; 12; 19168
1; 4; 13; 30934
1; 8; 14; 0
2; 4; 15; 5264
2; 4; 16; 5205
2; 4; 17; 15142
2; 4; 18; 4969
2; 4; 19; 29266
2; 4; 20; 5141
2; 4; 21; 23880
2; 4; 22; 1139
2; 4; 23; 25860
2; 4; 24; 5209
2; 4; 25; 34684
2; 4; 26; 32949
2; 4; 27; 1273
2; 4; 28; 1331
2; 4; 29; 31267
2; 4; 30; 34121
2; 4; 31; 23982
2; 4; 32; 577
2; 4; 33; 1924
2; 4; 34; 24295
2; 4; 35; 24044
2; 4; 36; 6654
2; 4; 37; 33002
2; 4; 38; 1063
2; 4; 39; 984
2; 4; 40; 4970
2; 4; 41; 28495
2; 4; 42; 6010
2; 4; 43; 18963
2; 8; 44; 0
1; 4; 45; 7011
1; 4; 46; 29032
1; 4; 47; 4319
1; 9; 48; 0
2; 9; 49; 0
