1; 0; 1006; 24389
1; 0; 724; 33162
1; 0; 390; 1745
1; 0; 959; 31507
1; 0; 75; 26763
1; 0; 684; 1337
1; 0; 269; 19546
1; 0; 433; 4783
1; 0; 700; 851
1; 0; 1067; 3333
1; 0; 1093; 1602
1; 0; 287; 0
2; 0; 1062; 1584
2; 0; 616; 34650
2; 0; 547; 1826
2; 0; 187; 6289
2; 0; 336; 31023
2; 0; 413; 2698
2; 0; 287; 0
1; 1; 146; 9016
1; 1; 416; 5048
1; 1; 975; 844
1; 1; 929; 18283
1; 1; 412; 7300
1; 1; 779; 8331
1; 1; 270; 8368
1; 1; 287; 0
2; 1; 205; 5636
2; 1; 264; 4829
2; 1; 360; 3003
2; 1; 159; 25649
2; 1; 324; 1760
2; 1; 550; 5146
2; 1; 549; 24125
2; 1; 1030; 26414
2; 1; 252; 27327
2; 1; 247; 21967
2; 1; 287; 0
1; 2; 208; 4977
1; 2; 454; 5140
1; 2; 578; 1875
1; 2; 415; 5114
1; 2; 409; 5049
1; 2; 557; 16607
1; 2; 1092; 839
1; 2; 35; 317
1; 2; 287; 0
2; 2; 1070; 18837
2; 2; 735; 28702
2; 2; 837; 34504
2; 2; 589; 2188
2; 2; 775; 6863
2; 2; 680; 5791
2; 2; 287; 0
1; 3; 357; 4969
1; 3; 1; 33306
1; 3; 568; 1758
1; 3; 443; 898
1; 3; 214; 25195
1; 3; 863; 4357
1; 3; 1029; 14930
1; 3; 300; 1732
1; 3; 312; 6809
1; 3; 343; 5005
1; 3; 383; 32102
1; 3; 287; 0
2; 3; 633; 7315
2; 3; 856; 24229
2; 3; 815; 28007
2; 3; 810; 18009
2; 3; 238; 32813
2; 3; 236; 2627
2; 3; 258; 5131
2; 3; 287; 0
1; 4; 756; 33926
1; 4; 99; 19950
1; 4; 334; 21807
1; 4; 1094; 5878
1; 4; 287; 0
2; 4; 984; 6828
2; 4; 1095; 7083
2; 4; 952; 4487
2; 4; 283; 33532
2; 4; 540; 5039
2; 4; 314; 1407
2; 4; 531; 5339
2; 4; 426; 5224
2; 4; 224; 18872
2; 4; 201; 16580
2; 4; 273; 1625
2; 4; 374; 22296
2; 4; 287; 0
