1; 0; 1; 34762
1; 0; 2; 30872
1; 0; 3; 7814
1; 0; 4; 7359
1; 0; 5; 7355
1; 0; 6; 26248
1; 0; 7; 24306
1; 0; 8; 7357
1; 0; 9; 887
1; 0; 10; 909
1; 0; 11; 6129
1; 0; 12; 969
1; 0; 13; 21179
1; 0; 14; 7373
1; 0; 15; 7372
1; 0; 16; 7365
1; 0; 17; 7371
1; 0; 18; 875
1; 0; 19; 1774
1; 0; 20; 32538
1; 0; 21; 27189
1; 0; 22; 907
1; 0; 23; 908
1; 0; 24; 33203
1; 0; 25; 317
1; 0; 26; 32560
1; 0; 27; 730
1; 0; 28; 19473
1; 0; 29; 2191
1; 0; 30; 24528
1; 0; 31; 767
1; 0; 32; 620
1; 0; 33; 7315
1; 0; 34; 33947
1; 0; 35; 7314
1; 0; 36; 26046
1; 0; 37; 584
1; 0; 38; 23110
1; 0; 39; 7316
1; 0; 40; 8201
1; 0; 41; 7477
1; 0; 42; 34650
1; 0; 43; 34646
1; 0; 44; 7237
1; 0; 45; 6248
1; 0; 46; 537
1; 0; 47; 1517
1; 0; 48; 9490
1; 0; 49; 7226
1; 0; 50; 28367
1; 0; 51; 21589
1; 0; 52; 651
1; 0; 53; 5927
1; 0; 54; 2840
1; 0; 55; 8492
1; 0; 56; 7867
1; 0; 57; 932
1; 0; 58; 33991
1; 0; 59; 21147
1; 0; 60; 6255
1; 0; 61; 28985
1; 0; 62; 6378
1; 0; 63; 30075
1; 0; 64; 3197
1; 0; 65; 19168
1; 0; 66; 16062
1; 0; 67; 5794
1; 0; 68; 33951
1; 0; 69; 17733
1; 0; 70; 16067
1; 0; 71; 14927
1; 0; 72; 31750
1; 0; 73; 33
1; 0; 74; 17714
1; 0; 75; 30440
1; 0; 76; 6321
1; 0; 77; 24330
1; 0; 78; 4318
1; 0; 79; 18963
1; 0; 80; 34343
1; 0; 81; 32245
1; 0; 82; 395
1; 0; 83; 8435
1; 0; 84; 19441
1; 0; 85; 26317
1; 0; 86; 31833
1; 0; 87; 1189
1; 0; 88; 4357
1; 0; 89; 4328
1; 0; 90; 26373
1; 0; 91; 4333
1; 0; 92; 1007
1; 0; 93; 141
1; 0; 94; 5229
1; 0; 95; 8234
1; 0; 96; 574
1; 0; 97; 1000
1; 0; 98; 571
1; 0; 99; 23726
1; 0; 100; 1017
1; 0; 101; 33206
1; 0; 102; 15674
1; 0; 103; 1583
1; 0; 104; 32300
1; 0; 105; 32876
1; 0; 106; 30411
1; 0; 107; 552
1; 0; 108; 25248
1; 0; 109; 32562
1; 0; 110; 2188
1; 0; 111; 0
2; 0; 112; 3223
2; 0; 113; 34672
2; 0; 114; 1594
2; 0; 115; 4842
2; 0; 116; 2839
2; 0; 117; 28495
2; 0; 118; 0
1; 0; 119; 358
1; 0; 120; 21335
1; 0; 121; 33236
1; 0; 122; 0
2; 0; 123; 33666
2; 0; 124; 6587
2; 0; 125; 8418
2; 0; 126; 8361
2; 0; 127; 7309
2; 0; 128; 4235
2; 0; 129; 1585
2; 0; 130; 18872
2; 0; 131; 4974
2; 0; 132; 20690
2; 0; 133; 16580
2; 0; 134; 7941
2; 0; 135; 6316
2; 0; 136; 5856
2; 0; 137; 5204
2; 0; 138; 4985
2; 0; 139; 28315
2; 0; 140; 5114
2; 0; 141; 7104
2; 0; 142; 6289
2; 0; 143; 8211
2; 0; 144; 4981
2; 0; 145; 4852
2; 0; 146; 892
2; 0; 147; 4800
2; 0; 148; 34458
2; 0; 149; 2091
2; 0; 150; 4631
2; 0; 151; 4815
2; 0; 152; 6315
2; 0; 153; 3292
2; 0; 154; 4935
2; 0; 155; 31658
2; 0; 156; 2100
2; 0; 157; 21967
2; 0; 158; 603
2; 0; 159; 4746
2; 0; 160; 19836
2; 0; 161; 31267
2; 0; 162; 4845
2; 0; 163; 33532
2; 0; 164; 4767
2; 0; 165; 4950
2; 0; 166; 5205
2; 0; 167; 4823
2; 0; 168; 4774
2; 0; 169; 3140
2; 0; 170; 23810
2; 0; 171; 7617
2; 0; 172; 4949
2; 0; 173; 6340
2; 0; 174; 6168
2; 0; 175; 27327
2; 0; 176; 5063
2; 0; 177; 31663
2; 0; 178; 31661
2; 0; 179; 5232
2; 0; 180; 32809
2; 0; 181; 20512
2; 0; 182; 4749
2; 0; 183; 1903
2; 0; 184; 4831
2; 0; 185; 5111
2; 0; 186; 5141
2; 0; 187; 5126
2; 0; 188; 6010
2; 0; 189; 3349
2; 0; 190; 1601
2; 0; 191; 5571
2; 0; 192; 5107
2; 0; 193; 4824
2; 0; 194; 5239
2; 0; 195; 5170
2; 0; 196; 29035
2; 0; 197; 4857
2; 0; 198; 29250
2; 0; 199; 4957
2; 0; 200; 4608
2; 0; 201; 5144
2; 0; 202; 5152
2; 0; 203; 4955
2; 0; 204; 30528
2; 0; 205; 4945
2; 0; 206; 2334
2; 0; 207; 5176
2; 0; 208; 5983
2; 0; 209; 5190
2; 0; 210; 5105
2; 0; 211; 19087
2; 0; 212; 1407
2; 0; 213; 4875
2; 0; 214; 1732
2; 0; 215; 6224
2; 0; 216; 5018
2; 0; 217; 32702
2; 0; 218; 5339
2; 0; 219; 7740
2; 0; 220; 1805
2; 0; 221; 1727
2; 0; 222; 2757
2; 0; 223; 2306
2; 0; 224; 30969
2; 0; 225; 5159
2; 0; 226; 27613
2; 0; 227; 6809
2; 0; 228; 31898
2; 0; 229; 7211
2; 0; 230; 4780
2; 0; 231; 34679
2; 0; 232; 31279
2; 0; 233; 15940
2; 0; 234; 28819
2; 0; 235; 24120
2; 0; 236; 3003
2; 0; 237; 7953
2; 0; 238; 6217
2; 0; 239; 5005
2; 0; 240; 4958
2; 0; 241; 5010
2; 0; 242; 29730
2; 0; 243; 1758
2; 0; 244; 24078
2; 0; 245; 8030
2; 0; 246; 325
2; 0; 247; 820
2; 0; 248; 5542
2; 0; 249; 32823
2; 0; 250; 6503
2; 0; 251; 2627
2; 0; 252; 2680
2; 0; 253; 33849
2; 0; 254; 8413
2; 0; 255; 4801
2; 0; 256; 6395
2; 0; 257; 5140
2; 0; 258; 5004
2; 0; 259; 5056
2; 0; 260; 28289
2; 0; 261; 4798
2; 0; 262; 2539
2; 0; 263; 122
2; 0; 264; 15760
2; 0; 265; 33211
2; 0; 266; 31548
2; 0; 267; 898
2; 0; 268; 32285
2; 0; 269; 4903
2; 0; 270; 7541
2; 0; 271; 15825
2; 0; 272; 5052
2; 0; 273; 5127
2; 0; 274; 5351
2; 0; 275; 25678
2; 0; 276; 30370
2; 0; 277; 4911
2; 0; 278; 32102
2; 0; 279; 30229
2; 0; 280; 4969
2; 0; 281; 24162
2; 0; 282; 4978
2; 0; 283; 4763
2; 0; 284; 5097
2; 0; 285; 5128
2; 0; 286; 2621
2; 0; 287; 32606
2; 0; 288; 17095
2; 0; 289; 5189
2; 0; 290; 5407
2; 0; 291; 5929
2; 0; 292; 4988
2; 0; 293; 1728
2; 0; 294; 5362
2; 0; 295; 1771
2; 0; 296; 4753
2; 0; 297; 895
2; 0; 298; 4879
2; 0; 299; 2300
2; 0; 300; 4838
2; 0; 301; 7308
2; 0; 302; 4934
2; 0; 303; 20010
2; 0; 304; 1764
2; 0; 305; 2707
2; 0; 306; 18
2; 0; 307; 4844
2; 0; 308; 5224
2; 0; 309; 34910
2; 0; 310; 26079
2; 0; 311; 0
1; 1; 1; 0
2; 1; 2; 0
1; 1; 3; 0
2; 1; 4; 23728
2; 1; 5; 4926
2; 1; 6; 34582
2; 1; 7; 34288
2; 1; 8; 5037
2; 1; 9; 5139
2; 1; 10; 16132
2; 1; 11; 25745
2; 1; 12; 1040
2; 1; 13; 34669
2; 1; 14; 7980
2; 1; 15; 31152
2; 1; 16; 1378
2; 1; 17; 17379
2; 1; 18; 7646
2; 1; 19; 2741
2; 1; 20; 7694
2; 1; 21; 8272
2; 1; 22; 31323
2; 1; 23; 880
2; 1; 24; 27100
2; 1; 25; 24389
2; 1; 26; 29087
2; 1; 27; 23890
2; 1; 28; 34306
2; 1; 29; 21094
2; 1; 30; 24047
2; 1; 31; 1731
2; 1; 32; 8188
2; 1; 33; 1669
2; 1; 34; 32109
2; 1; 35; 811
2; 1; 36; 747
2; 1; 37; 23880
2; 1; 38; 8971
2; 1; 39; 29975
2; 1; 40; 32079
2; 1; 41; 2483
2; 1; 42; 1084
2; 1; 43; 15945
2; 1; 44; 24705
2; 1; 45; 1247
2; 1; 46; 1246
2; 1; 47; 4779
2; 1; 48; 28007
2; 1; 49; 1211
2; 1; 50; 933
2; 1; 51; 31156
2; 1; 52; 29893
2; 1; 53; 1268
2; 1; 54; 5036
2; 1; 55; 1255
2; 1; 56; 32864
2; 1; 57; 25082
2; 1; 58; 1269
2; 1; 59; 15168
2; 1; 60; 205
2; 1; 61; 29839
2; 1; 62; 22771
2; 1; 63; 2094
2; 1; 64; 21297
2; 1; 65; 1264
2; 1; 66; 24046
2; 1; 67; 24044
2; 1; 68; 1254
2; 1; 69; 24358
2; 1; 70; 1066
2; 1; 71; 18009
2; 1; 72; 25465
2; 1; 73; 23852
2; 1; 74; 1924
2; 1; 75; 778
2; 1; 76; 1041
2; 1; 77; 3141
2; 1; 78; 26265
2; 1; 79; 1068
2; 1; 80; 1337
2; 1; 81; 31025
2; 1; 82; 24822
2; 1; 83; 31517
2; 1; 84; 17957
2; 1; 85; 30863
2; 1; 86; 27158
2; 1; 87; 32245
2; 1; 88; 29892
2; 1; 89; 34611
2; 1; 90; 2346
2; 1; 91; 6428
2; 1; 92; 4576
2; 1; 93; 8444
2; 1; 94; 32776
2; 1; 95; 19186
2; 1; 96; 29598
2; 1; 97; 33306
2; 1; 98; 33226
2; 1; 99; 29911
2; 1; 100; 31905
2; 1; 101; 941
2; 1; 102; 5298
2; 1; 103; 962
2; 1; 104; 942
2; 1; 105; 30934
2; 1; 106; 597
2; 1; 107; 1005
2; 1; 108; 7205
2; 1; 109; 28987
2; 1; 110; 31051
2; 1; 111; 24119
2; 1; 112; 952
2; 1; 113; 944
2; 1; 114; 23988
2; 1; 115; 940
2; 1; 116; 4721
2; 1; 117; 8369
2; 1; 118; 951
2; 1; 119; 23982
2; 1; 120; 25743
2; 1; 121; 18715
2; 1; 122; 696
2; 1; 123; 964
2; 1; 124; 32949
2; 1; 125; 30190
2; 1; 126; 33003
2; 1; 127; 34825
2; 1; 128; 644
2; 1; 129; 981
2; 1; 130; 19950
2; 1; 131; 32746
2; 1; 132; 4953
2; 1; 133; 15093
2; 1; 134; 32952
2; 1; 135; 31189
2; 1; 136; 30243
2; 1; 137; 30352
2; 1; 138; 34197
2; 1; 139; 30186
2; 1; 140; 30160
2; 1; 141; 30351
2; 1; 142; 30218
2; 1; 143; 34389
2; 1; 144; 5908
2; 1; 145; 943
2; 1; 146; 2340
2; 1; 147; 2524
2; 1; 148; 993
2; 1; 149; 5576
2; 1; 150; 1200
2; 1; 151; 24257
2; 1; 152; 3329
2; 1; 153; 27934
2; 1; 154; 33839
2; 1; 155; 946
2; 1; 156; 8669
2; 1; 157; 4340
2; 1; 158; 33953
2; 1; 159; 28043
2; 1; 160; 30199
2; 1; 161; 21839
2; 1; 162; 950
2; 1; 163; 948
2; 1; 164; 25586
2; 1; 165; 7706
2; 1; 166; 19770
2; 1; 167; 28546
2; 1; 168; 0
1; 2; 1; 33346
1; 2; 2; 7772
1; 2; 3; 0
2; 2; 4; 28899
2; 2; 5; 0
1; 2; 6; 33666
1; 2; 7; 16908
1; 2; 8; 21343
1; 2; 9; 33686
1; 2; 10; 1726
1; 2; 11; 22184
1; 2; 12; 15767
1; 2; 13; 28784
1; 2; 14; 23596
1; 2; 15; 24043
1; 2; 16; 3219
1; 2; 17; 27965
1; 2; 18; 5053
1; 2; 19; 795
1; 2; 20; 31658
1; 2; 21; 31663
1; 2; 22; 31661
1; 2; 23; 4851
1; 2; 24; 4907
1; 2; 25; 7161
1; 2; 26; 5038
1; 2; 27; 3018
1; 2; 28; 2832
1; 2; 29; 5048
1; 2; 30; 8319
1; 2; 31; 15487
1; 2; 32; 33024
1; 2; 33; 34878
1; 2; 34; 1181
1; 2; 35; 4751
1; 2; 36; 29266
1; 2; 37; 1663
1; 2; 38; 5787
1; 2; 39; 5729
1; 2; 40; 2353
1; 2; 41; 4994
1; 2; 42; 17969
1; 2; 43; 8410
1; 2; 44; 5202
1; 2; 45; 17201
1; 2; 46; 29921
1; 2; 47; 3205
1; 2; 48; 31461
1; 2; 49; 0
2; 2; 50; 4814
2; 2; 51; 32813
2; 2; 52; 4858
2; 2; 53; 15911
2; 2; 54; 27700
2; 2; 55; 30812
2; 2; 56; 1602
2; 2; 57; 1015
2; 2; 58; 8363
2; 2; 59; 1064
2; 2; 60; 1065
2; 2; 61; 881
2; 2; 62; 34814
2; 2; 63; 22751
2; 2; 64; 4201
2; 2; 65; 936
2; 2; 66; 29342
2; 2; 67; 31183
2; 2; 68; 2456
2; 2; 69; 3348
2; 2; 70; 5882
2; 2; 71; 6828
2; 2; 72; 24882
2; 2; 73; 23922
2; 2; 74; 733
2; 2; 75; 697
2; 2; 76; 1335
2; 2; 77; 5793
2; 2; 78; 8497
2; 2; 79; 1272
2; 2; 80; 31961
2; 2; 81; 1278
2; 2; 82; 26706
2; 2; 83; 26862
2; 2; 84; 30365
2; 2; 85; 836
2; 2; 86; 8333
2; 2; 87; 3322
2; 2; 88; 5344
2; 2; 89; 28702
2; 2; 90; 885
2; 2; 91; 23621
2; 2; 92; 1179
2; 2; 93; 4153
2; 2; 94; 23456
2; 2; 95; 28022
2; 2; 96; 753
2; 2; 97; 18283
2; 2; 98; 1178
2; 2; 99; 32681
2; 2; 100; 8316
2; 2; 101; 34684
2; 2; 102; 34111
2; 2; 103; 5532
2; 2; 104; 577
2; 2; 105; 6064
2; 2; 106; 32386
2; 2; 107; 5773
2; 2; 108; 32261
2; 2; 109; 32370
2; 2; 110; 23086
2; 2; 111; 4359
2; 2; 112; 6274
2; 2; 113; 25704
2; 2; 114; 24229
2; 2; 115; 7184
2; 2; 116; 2511
2; 2; 117; 26558
2; 2; 118; 24042
2; 2; 119; 5296
2; 2; 120; 33071
2; 2; 121; 121
2; 2; 122; 6322
2; 2; 123; 8983
2; 2; 124; 958
2; 2; 125; 959
2; 2; 126; 890
2; 2; 127; 23876
2; 2; 128; 33740
2; 2; 129; 29973
2; 2; 130; 17439
2; 2; 131; 31047
2; 2; 132; 9016
2; 2; 133; 30758
2; 2; 134; 4881
2; 2; 135; 32950
2; 2; 136; 32245
2; 2; 137; 0
1; 3; 1; 7774
1; 3; 2; 0
2; 3; 3; 22704
2; 3; 4; 30730
2; 3; 5; 2500
2; 3; 6; 661
2; 3; 7; 34909
2; 3; 8; 919
2; 3; 9; 34762
2; 3; 10; 1374
2; 3; 11; 6587
2; 3; 12; 5131
2; 3; 13; 26241
2; 3; 14; 2184
2; 3; 15; 2682
2; 3; 16; 4910
2; 3; 17; 2949
2; 3; 18; 4987
2; 3; 19; 4750
2; 3; 20; 6887
2; 3; 21; 4956
2; 3; 22; 5636
2; 3; 23; 4773
2; 3; 24; 22296
2; 3; 25; 32568
2; 3; 26; 4775
2; 3; 27; 20231
2; 3; 28; 19546
2; 3; 29; 15272
2; 3; 30; 30809
2; 3; 31; 8368
2; 3; 32; 1625
2; 3; 33; 5804
2; 3; 34; 4977
2; 3; 35; 6286
2; 3; 36; 25969
2; 3; 37; 34219
2; 3; 38; 32559
2; 3; 39; 1739
2; 3; 40; 4783
2; 3; 41; 25100
2; 3; 42; 5146
2; 3; 43; 24125
2; 3; 44; 6603
2; 3; 45; 4766
2; 3; 46; 5861
2; 3; 47; 4895
2; 3; 48; 6272
2; 3; 49; 30238
2; 3; 50; 8327
2; 3; 51; 1826
2; 3; 52; 16607
2; 3; 53; 4816
2; 3; 54; 338
2; 3; 55; 4755
2; 3; 56; 34841
2; 3; 57; 5550
2; 3; 58; 1751
2; 3; 59; 8414
2; 3; 60; 5142
2; 3; 61; 1875
2; 3; 62; 5564
2; 3; 63; 1876
2; 3; 64; 31913
2; 3; 65; 16697
2; 3; 66; 5178
2; 3; 67; 2697
2; 3; 68; 5011
2; 3; 69; 5050
2; 3; 70; 26064
2; 3; 71; 6136
2; 3; 72; 4970
2; 3; 73; 19697
2; 3; 74; 30152
2; 3; 75; 23070
2; 3; 76; 5219
2; 3; 77; 4748
2; 3; 78; 4350
2; 3; 79; 15458
2; 3; 80; 4740
2; 3; 81; 5055
2; 3; 82; 26079
2; 3; 83; 2316
2; 3; 84; 5092
2; 3; 85; 19987
2; 3; 86; 18
2; 3; 87; 34739
2; 3; 88; 24120
2; 3; 89; 5888
2; 3; 90; 4763
2; 3; 91; 6925
2; 3; 92; 5201
2; 3; 93; 4804
2; 3; 94; 2306
2; 3; 95; 15142
2; 3; 96; 5555
2; 3; 97; 1760
2; 3; 98; 15426
2; 3; 99; 1824
2; 3; 100; 5015
2; 3; 101; 29509
2; 3; 102; 4992
2; 3; 103; 8244
2; 3; 104; 5175
2; 3; 105; 5832
2; 3; 106; 8412
2; 3; 107; 28125
2; 3; 108; 4772
2; 3; 109; 5058
2; 3; 110; 5109
2; 3; 111; 19155
2; 3; 112; 5061
2; 3; 113; 4991
2; 3; 114; 6359
2; 3; 115; 19377
2; 3; 116; 5116
2; 3; 117; 8141
2; 3; 118; 7740
2; 3; 119; 4796
2; 3; 120; 17262
2; 3; 121; 1995
2; 3; 122; 25860
2; 3; 123; 21276
2; 3; 124; 5221
2; 3; 125; 33425
2; 3; 126; 21807
2; 3; 127; 20621
2; 3; 128; 31023
2; 3; 129; 5082
2; 3; 130; 6144
2; 3; 131; 20793
2; 3; 132; 5788
2; 3; 133; 4904
2; 3; 134; 32778
2; 3; 135; 2314
2; 3; 136; 30968
2; 3; 137; 21701
2; 3; 138; 25195
2; 3; 139; 3046
2; 3; 140; 30710
2; 3; 141; 29895
2; 3; 142; 576
2; 3; 143; 4896
2; 3; 144; 26054
2; 3; 145; 32601
2; 3; 146; 1895
2; 3; 147; 4752
2; 3; 148; 7300
2; 3; 149; 2698
2; 3; 150; 4797
2; 3; 151; 5049
2; 3; 152; 1772
2; 3; 153; 6865
2; 3; 154; 6249
2; 3; 155; 22342
2; 3; 156; 5012
2; 3; 157; 6147
2; 3; 158; 17907
2; 3; 159; 5039
2; 3; 160; 34121
2; 3; 161; 1959
2; 3; 162; 7480
2; 3; 163; 22171
2; 3; 164; 5017
2; 3; 165; 5006
2; 3; 166; 5009
2; 3; 167; 7953
2; 3; 168; 4884
2; 3; 169; 5166
2; 3; 170; 6888
2; 3; 171; 1734
2; 3; 172; 1755
2; 3; 173; 1745
2; 3; 174; 31679
2; 3; 175; 1888
2; 3; 176; 30875
2; 3; 177; 5093
2; 3; 178; 7308
2; 3; 179; 0
1; 3; 180; 31020
1; 3; 181; 4734
1; 3; 182; 32889
1; 3; 183; 28825
1; 3; 184; 4524
1; 3; 185; 32946
1; 3; 186; 24180
1; 3; 187; 8202
1; 3; 188; 7437
1; 3; 189; 34593
1; 3; 190; 32127
1; 3; 191; 15631
1; 3; 192; 1720
1; 3; 193; 28061
1; 3; 194; 7040
1; 3; 195; 2259
1; 3; 196; 1934
1; 3; 197; 562
1; 3; 198; 30375
1; 3; 199; 449
1; 3; 200; 32735
1; 3; 201; 1155
1; 3; 202; 7730
1; 3; 203; 5264
1; 3; 204; 31188
1; 3; 205; 7011
1; 3; 206; 22825
1; 3; 207; 1067
1; 3; 208; 23726
1; 3; 209; 34646
1; 3; 210; 34650
1; 3; 211; 768
1; 3; 212; 30815
1; 3; 213; 34199
1; 3; 214; 2862
1; 3; 215; 526
1; 3; 216; 27124
1; 3; 217; 7618
1; 3; 218; 8290
1; 3; 219; 23155
1; 3; 220; 6478
1; 3; 221; 622
1; 3; 222; 573
1; 3; 223; 7714
1; 3; 224; 26046
1; 3; 225; 2740
1; 3; 226; 5682
1; 3; 227; 624
1; 3; 228; 557
1; 3; 229; 34374
1; 3; 230; 31608
1; 3; 231; 4337
1; 3; 232; 7430
1; 3; 233; 783
1; 3; 234; 1213
1; 3; 235; 853
1; 3; 236; 6139
1; 3; 237; 4358
1; 3; 238; 3357
1; 3; 239; 6360
1; 3; 240; 1312
1; 3; 241; 26401
1; 3; 242; 1590
1; 3; 243; 34504
1; 3; 244; 3045
1; 3; 245; 1603
1; 3; 246; 33070
1; 3; 247; 32711
1; 3; 248; 18720
1; 3; 249; 23160
1; 3; 250; 6895
1; 3; 251; 1228
1; 3; 252; 143
1; 3; 253; 16661
1; 3; 254; 27958
1; 3; 255; 5297
1; 3; 256; 15958
1; 3; 257; 14927
1; 3; 258; 1605
1; 3; 259; 25543
1; 3; 260; 20844
1; 3; 261; 6181
1; 3; 262; 3209
1; 3; 263; 6270
1; 3; 264; 27561
1; 3; 265; 23590
1; 3; 266; 31750
1; 3; 267; 29398
1; 3; 268; 29399
1; 3; 269; 33513
1; 3; 270; 15031
1; 3; 271; 32245
1; 3; 272; 33
1; 3; 273; 19375
1; 3; 274; 15674
1; 3; 275; 572
1; 3; 276; 4354
1; 3; 277; 25262
1; 3; 278; 5303
1; 3; 279; 23795
1; 3; 280; 2212
1; 3; 281; 538
1; 3; 282; 33976
1; 3; 283; 7072
1; 3; 284; 30814
1; 3; 285; 25776
1; 3; 286; 1324
1; 3; 287; 550
1; 3; 288; 6955
1; 3; 289; 25920
1; 3; 290; 2191
1; 3; 291; 2188
1; 3; 292; 31469
1; 3; 293; 8607
1; 3; 294; 7355
1; 3; 295; 7370
1; 3; 296; 24306
1; 3; 297; 16960
1; 3; 298; 7359
1; 3; 299; 7357
1; 3; 300; 0
2; 3; 301; 363
2; 3; 302; 25188
2; 3; 303; 33236
2; 3; 304; 0
1; 4; 1; 2836
1; 4; 2; 1854
1; 4; 3; 2688
1; 4; 4; 33666
1; 4; 5; 23728
1; 4; 6; 4579
1; 4; 7; 5209
1; 4; 8; 4782
1; 4; 9; 30026
1; 4; 10; 16919
1; 4; 11; 15074
1; 4; 12; 32774
1; 4; 13; 7492
1; 4; 14; 28516
1; 4; 15; 6771
1; 4; 16; 26836
1; 4; 17; 16575
1; 4; 18; 2699
1; 4; 19; 6498
1; 4; 20; 26515
1; 4; 21; 25213
1; 4; 22; 114
1; 4; 23; 29032
1; 4; 24; 406
1; 4; 25; 1212
1; 4; 26; 4825
1; 4; 27; 20215
1; 4; 28; 4878
1; 4; 29; 19000
1; 4; 30; 972
1; 4; 31; 29175
1; 4; 32; 1188
1; 4; 33; 996
1; 4; 34; 5878
1; 4; 35; 24118
1; 4; 36; 4234
1; 4; 37; 7753
1; 4; 38; 31151
1; 4; 39; 7747
1; 4; 40; 839
1; 4; 41; 3308
1; 4; 42; 29626
1; 4; 43; 934
1; 4; 44; 808
1; 4; 45; 850
1; 4; 46; 1069
1; 4; 47; 27137
1; 4; 48; 1085
1; 4; 49; 30382
1; 4; 50; 844
1; 4; 51; 1223
1; 4; 52; 930
1; 4; 53; 162
1; 4; 54; 7979
1; 4; 55; 5970
1; 4; 56; 18837
1; 4; 57; 23037
1; 4; 58; 7137
1; 4; 59; 31441
1; 4; 60; 835
1; 4; 61; 8269
1; 4; 62; 25341
1; 4; 63; 32168
1; 4; 64; 8233
1; 4; 65; 8033
1; 4; 66; 7646
1; 4; 67; 7374
1; 4; 68; 34486
1; 4; 69; 642
1; 4; 70; 5473
1; 4; 71; 17665
1; 4; 72; 7070
1; 4; 73; 817
1; 4; 74; 8584
1; 4; 75; 20328
1; 4; 76; 32694
1; 4; 77; 2741
1; 4; 78; 1522
1; 4; 79; 812
1; 4; 80; 33996
1; 4; 81; 7009
1; 4; 82; 22483
1; 4; 83; 956
1; 4; 84; 7720
1; 4; 85; 7505
1; 4; 86; 508
1; 4; 87; 701
1; 4; 88; 16093
1; 4; 89; 935
1; 4; 90; 23990
1; 4; 91; 1013
1; 4; 92; 23955
1; 4; 93; 32109
1; 4; 94; 7424
1; 4; 95; 960
1; 4; 96; 27692
1; 4; 97; 4487
1; 4; 98; 34424
1; 4; 99; 20412
1; 4; 100; 1043
1; 4; 101; 7709
1; 4; 102; 7083
1; 4; 103; 21094
1; 4; 104; 4088
1; 4; 105; 3333
1; 4; 106; 7133
1; 4; 107; 33904
1; 4; 108; 20533
1; 4; 109; 883
1; 4; 110; 31801
1; 4; 111; 859
1; 4; 112; 6260
1; 4; 113; 32096
1; 4; 114; 18887
1; 4; 115; 23106
1; 4; 116; 16673
1; 4; 117; 1336
1; 4; 118; 22253
1; 4; 119; 868
1; 4; 120; 33002
1; 4; 121; 1638
1; 4; 122; 2241
1; 4; 123; 3330
1; 4; 124; 32079
1; 4; 125; 5792
1; 4; 126; 1247
1; 4; 127; 1246
1; 4; 128; 31588
1; 4; 129; 4736
1; 4; 130; 1230
1; 4; 131; 1599
1; 4; 132; 1241
1; 4; 133; 789
1; 4; 134; 6863
1; 4; 135; 1018
1; 4; 136; 2593
1; 4; 137; 28198
1; 4; 138; 4454
1; 4; 139; 29744
1; 4; 140; 6169
1; 4; 141; 766
1; 4; 142; 4319
1; 4; 143; 34544
1; 4; 144; 1518
1; 4; 145; 30157
1; 4; 146; 25908
1; 4; 147; 27465
1; 4; 148; 26414
1; 4; 149; 14930
1; 4; 150; 7610
1; 4; 151; 18835
1; 4; 152; 26243
1; 4; 153; 29647
1; 4; 154; 0
2; 4; 155; 5226
2; 4; 156; 5215
2; 4; 157; 33104
2; 4; 158; 18967
2; 4; 159; 1303
2; 4; 160; 30164
2; 4; 161; 34612
2; 4; 162; 15180
2; 4; 163; 16759
2; 4; 164; 30824
2; 4; 165; 8131
2; 4; 166; 32895
2; 4; 167; 1012
2; 4; 168; 1221
2; 4; 169; 30165
2; 4; 170; 27365
2; 4; 171; 7097
2; 4; 172; 33827
2; 4; 173; 26070
2; 4; 174; 804
2; 4; 175; 33985
2; 4; 176; 2516
2; 4; 177; 1280
2; 4; 178; 22147
2; 4; 179; 29246
2; 4; 180; 256
2; 4; 181; 33954
2; 4; 182; 6912
2; 4; 183; 29204
2; 4; 184; 24322
2; 4; 185; 204
2; 4; 186; 205
2; 4; 187; 203
2; 4; 188; 4367
2; 4; 189; 30242
2; 4; 190; 1957
2; 4; 191; 1255
2; 4; 192; 29885
2; 4; 193; 33926
2; 4; 194; 1332
2; 4; 195; 30825
2; 4; 196; 31156
2; 4; 197; 4618
2; 4; 198; 6654
2; 4; 199; 20419
2; 4; 200; 1083
2; 4; 201; 751
2; 4; 202; 20453
2; 4; 203; 20457
2; 4; 204; 30089
2; 4; 205; 5679
2; 4; 206; 24294
2; 4; 207; 24461
2; 4; 208; 1256
2; 4; 209; 20963
2; 4; 210; 17541
2; 4; 211; 34050
2; 4; 212; 1334
2; 4; 213; 785
2; 4; 214; 31900
2; 4; 215; 31904
2; 4; 216; 3134
2; 4; 217; 1268
2; 4; 218; 2714
2; 4; 219; 28007
2; 4; 220; 30149
2; 4; 221; 26190
2; 4; 222; 1506
2; 4; 223; 851
2; 4; 224; 34366
2; 4; 225; 2939
2; 4; 226; 1273
2; 4; 227; 24295
2; 4; 228; 33162
2; 4; 229; 15265
2; 4; 230; 32973
2; 4; 231; 891
2; 4; 232; 8331
2; 4; 233; 21300
2; 4; 234; 18006
2; 4; 235; 31136
2; 4; 236; 28517
2; 4; 237; 24449
2; 4; 238; 29839
2; 4; 239; 30383
2; 4; 240; 16326
2; 4; 241; 882
2; 4; 242; 688
2; 4; 243; 1267
2; 4; 244; 5036
2; 4; 245; 20255
2; 4; 246; 5791
2; 4; 247; 2728
2; 4; 248; 23702
2; 4; 249; 3295
2; 4; 250; 30657
2; 4; 251; 23391
2; 4; 252; 33840
2; 4; 253; 1174
2; 4; 254; 7791
2; 4; 255; 997
2; 4; 256; 2652
2; 4; 257; 25584
2; 4; 258; 1063
2; 4; 259; 33781
2; 4; 260; 7472
2; 4; 261; 33226
2; 4; 262; 33306
2; 4; 263; 1008
2; 4; 264; 927
2; 4; 265; 32985
2; 4; 266; 658
2; 4; 267; 6813
2; 4; 268; 5762
2; 4; 269; 23862
2; 4; 270; 949
2; 4; 271; 24590
2; 4; 272; 5185
2; 4; 273; 846
2; 4; 274; 984
2; 4; 275; 26763
2; 4; 276; 34331
2; 4; 277; 1526
2; 4; 278; 8409
2; 4; 279; 25505
2; 4; 280; 24164
2; 4; 281; 28546
2; 4; 282; 3115
2; 4; 283; 1139
2; 4; 284; 6094
2; 4; 285; 810
2; 4; 286; 21064
2; 4; 287; 3238
2; 4; 288; 809
2; 4; 289; 24163
2; 4; 290; 27934
2; 4; 291; 18716
2; 4; 292; 865
2; 4; 293; 33318
2; 4; 294; 22341
2; 4; 295; 16472
2; 4; 296; 945
2; 4; 297; 843
2; 4; 298; 1640
2; 4; 299; 4334
2; 4; 300; 1566
2; 4; 301; 0
1; 4; 302; 361
1; 4; 303; 0
2; 4; 304; 4986
2; 4; 305; 8365
2; 4; 306; 24021
2; 4; 307; 28082
2; 4; 308; 4829
2; 4; 309; 31661
2; 4; 310; 31658
2; 4; 311; 31663
2; 4; 312; 0
