1; 0; 1; 7772
1; 0; 2; 23728
1; 0; 3; 33666
1; 0; 4; 34762
1; 0; 5; 4986
1; 0; 6; 4774
1; 0; 7; 4767
1; 0; 8; 5063
1; 0; 9; 4746
1; 0; 10; 31267
1; 0; 11; 31661
1; 0; 12; 31663
1; 0; 13; 31658
1; 0; 14; 4907
1; 0; 15; 23810
1; 0; 16; 6168
1; 0; 17; 21967
1; 0; 18; 3140
1; 0; 19; 18872
1; 0; 20; 4749
1; 0; 21; 4974
1; 0; 22; 2680
1; 0; 23; 16580
1; 0; 24; 20690
1; 0; 25; 7941
1; 0; 26; 24078
1; 0; 27; 5636
1; 0; 28; 8030
1; 0; 29; 6395
1; 0; 30; 5114
1; 0; 31; 5048
1; 0; 32; 6289
1; 0; 33; 4945
1; 0; 34; 5983
1; 0; 35; 5239
1; 0; 36; 19377
1; 0; 37; 5159
1; 0; 38; 5049
1; 0; 39; 4896
1; 0; 40; 5555
1; 0; 41; 31679
1; 0; 42; 20010
1; 0; 43; 1727
1; 0; 44; 1407
1; 0; 45; 5055
1; 0; 46; 24120
1; 0; 47; 5224
1; 0; 48; 26079
1; 0; 49; 32702
1; 0; 50; 4969
1; 0; 51; 7953
1; 0; 52; 6925
1; 0; 53; 2539
1; 0; 54; 28819
1; 0; 55; 4978
1; 0; 56; 6224
1; 0; 57; 4763
1; 0; 58; 5004
1; 0; 59; 5018
1; 0; 60; 5097
1; 0; 61; 4879
1; 0; 62; 4753
1; 0; 63; 5015
1; 0; 64; 18
1; 0; 65; 29730
1; 0; 66; 1758
1; 0; 67; 8244
1; 0; 68; 6286
1; 0; 69; 4750
1; 0; 70; 1663
1; 0; 71; 5219
1; 0; 72; 1728
1; 0; 73; 5362
1; 0; 74; 29509
1; 0; 75; 1732
1; 0; 76; 27613
1; 0; 77; 5009
1; 0; 78; 5407
1; 0; 79; 29266
1; 0; 80; 2353
1; 0; 81; 34679
1; 0; 82; 5339
1; 0; 83; 15940
1; 0; 84; 32102
1; 0; 85; 5166
1; 0; 86; 1181
1; 0; 87; 4994
1; 0; 88; 5888
1; 0; 89; 4884
1; 0; 90; 34739
1; 0; 91; 4798
1; 0; 92; 3003
1; 0; 93; 25678
1; 0; 94; 5201
1; 0; 95; 6888
1; 0; 96; 2306
1; 0; 97; 2757
1; 0; 98; 7740
1; 0; 99; 2300
1; 0; 100; 4804
1; 0; 101; 7308
1; 0; 102; 30152
1; 0; 103; 5012
1; 0; 104; 6147
1; 0; 105; 17907
1; 0; 106; 4934
1; 0; 107; 4970
1; 0; 108; 4838
1; 0; 109; 5093
1; 0; 110; 17262
1; 0; 111; 30875
1; 0; 112; 25860
1; 0; 113; 1888
1; 0; 114; 1995
1; 0; 115; 0
2; 0; 116; 2688
2; 0; 117; 33346
2; 0; 118; 0
1; 0; 119; 0
2; 0; 120; 21335
2; 0; 121; 28899
2; 0; 122; 34672
2; 0; 123; 28495
2; 0; 124; 1594
2; 0; 125; 4842
2; 0; 126; 2839
2; 0; 127; 1188
2; 0; 128; 5878
2; 0; 129; 996
2; 0; 130; 7424
2; 0; 131; 24389
2; 0; 132; 960
2; 0; 133; 23880
2; 0; 134; 1043
2; 0; 135; 20328
2; 0; 136; 8272
2; 0; 137; 8584
2; 0; 138; 32694
2; 0; 139; 7009
2; 0; 140; 956
2; 0; 141; 7374
2; 0; 142; 25341
2; 0; 143; 8269
2; 0; 144; 22483
2; 0; 145; 27692
2; 0; 146; 935
2; 0; 147; 883
2; 0; 148; 789
2; 0; 149; 20533
2; 0; 150; 31801
2; 0; 151; 859
2; 0; 152; 4736
2; 0; 153; 1599
2; 0; 154; 1230
2; 0; 155; 1179
2; 0; 156; 23621
2; 0; 157; 1178
2; 0; 158; 18283
2; 0; 159; 753
2; 0; 160; 28022
2; 0; 161; 34684
2; 0; 162; 32681
2; 0; 163; 8316
2; 0; 164; 5553
2; 0; 165; 4153
2; 0; 166; 23456
2; 0; 167; 885
2; 0; 168; 28702
2; 0; 169; 5344
2; 0; 170; 3322
2; 0; 171; 5297
2; 0; 172; 14927
2; 0; 173; 23590
2; 0; 174; 27158
2; 0; 175; 17714
2; 0; 176; 7184
2; 0; 177; 3197
2; 0; 178; 32245
2; 0; 179; 33513
2; 0; 180; 15031
2; 0; 181; 28985
2; 0; 182; 19186
2; 0; 183; 9490
2; 0; 184; 33306
2; 0; 185; 33226
2; 0; 186; 1008
2; 0; 187; 4881
2; 0; 188; 32950
2; 0; 189; 6813
2; 0; 190; 25586
2; 0; 191; 7706
2; 0; 192; 948
2; 0; 193; 950
2; 0; 194; 19770
2; 0; 195; 28546
2; 0; 196; 1526
2; 0; 197; 26763
2; 0; 198; 25505
2; 0; 199; 865
2; 0; 200; 16472
2; 0; 201; 33318
2; 0; 202; 22341
2; 0; 203; 18716
2; 0; 204; 945
2; 0; 205; 1640
2; 0; 206; 843
2; 0; 207; 3238
2; 0; 208; 21064
2; 0; 209; 27934
2; 0; 210; 24163
2; 0; 211; 810
2; 0; 212; 4334
2; 0; 213; 1566
2; 0; 214; 3329
2; 0; 215; 890
2; 0; 216; 959
2; 0; 217; 958
2; 0; 218; 23876
2; 0; 219; 7472
2; 0; 220; 141
2; 0; 221; 34374
2; 0; 222; 31608
2; 0; 223; 557
2; 0; 224; 7315
2; 0; 225; 7314
2; 0; 226; 449
2; 0; 227; 552
2; 0; 228; 25248
2; 0; 229; 6478
2; 0; 230; 571
2; 0; 231; 1000
2; 0; 232; 7714
2; 0; 233; 26046
2; 0; 234; 620
2; 0; 235; 30815
2; 0; 236; 34199
2; 0; 237; 538
2; 0; 238; 7618
2; 0; 239; 25776
2; 0; 240; 32300
2; 0; 241; 15674
2; 0; 242; 768
2; 0; 243; 584
2; 0; 244; 23726
2; 0; 245; 34646
2; 0; 246; 34650
2; 0; 247; 1017
2; 0; 248; 1067
2; 0; 249; 574
2; 0; 250; 550
2; 0; 251; 8234
2; 0; 252; 5229
2; 0; 253; 23155
2; 0; 254; 8201
2; 0; 255; 7011
2; 0; 256; 624
2; 0; 257; 22825
2; 0; 258; 537
2; 0; 259; 1934
2; 0; 260; 5682
2; 0; 261; 30375
2; 0; 262; 25920
2; 0; 263; 24180
2; 0; 264; 2191
2; 0; 265; 2188
2; 0; 266; 0
1; 1; 1; 33236
1; 1; 2; 4734
1; 1; 3; 25188
1; 1; 4; 19000
1; 1; 5; 661
1; 1; 6; 24118
1; 1; 7; 7610
1; 1; 8; 29647
1; 1; 9; 26243
1; 1; 10; 18835
1; 1; 11; 14930
1; 1; 12; 26414
1; 1; 13; 27465
1; 1; 14; 25908
1; 1; 15; 24047
1; 1; 16; 7083
1; 1; 17; 21094
1; 1; 18; 2741
1; 1; 19; 7709
1; 1; 20; 508
1; 1; 21; 812
1; 1; 22; 33996
1; 1; 23; 4487
1; 1; 24; 8233
1; 1; 25; 162
1; 1; 26; 33827
1; 1; 27; 8497
1; 1; 28; 5793
1; 1; 29; 1272
1; 1; 30; 26862
1; 1; 31; 1278
1; 1; 32; 1312
1; 1; 33; 4358
1; 1; 34; 853
1; 1; 35; 6139
1; 1; 36; 23702
1; 1; 37; 33985
1; 1; 38; 891
1; 1; 39; 1254
1; 1; 40; 34050
1; 1; 41; 31136
1; 1; 42; 15168
1; 1; 43; 6912
1; 1; 44; 1255
1; 1; 45; 3134
1; 1; 46; 1264
1; 1; 47; 785
1; 1; 48; 30089
1; 1; 49; 1083
1; 1; 50; 20457
1; 1; 51; 20453
1; 1; 52; 30365
1; 1; 53; 26706
1; 1; 54; 24295
1; 1; 55; 33926
1; 1; 56; 26070
1; 1; 57; 804
1; 1; 58; 15265
1; 1; 59; 3357
1; 1; 60; 17541
1; 1; 61; 1334
1; 1; 62; 24294
1; 1; 63; 24461
1; 1; 64; 20963
1; 1; 65; 31900
1; 1; 66; 1256
1; 1; 67; 5679
1; 1; 68; 32973
1; 1; 69; 32864
1; 1; 70; 25465
1; 1; 71; 1957
1; 1; 72; 25082
1; 1; 73; 204
1; 1; 74; 205
1; 1; 75; 256
1; 1; 76; 29246
1; 1; 77; 30383
1; 1; 78; 29839
1; 1; 79; 22771
1; 1; 80; 18009
1; 1; 81; 21300
1; 1; 82; 1269
1; 1; 83; 1268
1; 1; 84; 6654
1; 1; 85; 2714
1; 1; 86; 751
1; 1; 87; 1590
1; 1; 88; 3045
1; 1; 89; 26401
1; 1; 90; 20419
1; 1; 91; 5036
1; 1; 92; 5791
1; 1; 93; 2728
1; 1; 94; 20255
1; 1; 95; 33162
1; 1; 96; 6360
1; 1; 97; 31961
1; 1; 98; 31156
1; 1; 99; 29885
1; 1; 100; 28007
1; 1; 101; 933
1; 1; 102; 31904
1; 1; 103; 851
1; 1; 104; 1273
1; 1; 105; 2939
1; 1; 106; 8331
1; 1; 107; 16326
1; 1; 108; 23852
1; 1; 109; 1280
1; 1; 110; 18006
1; 1; 111; 22147
1; 1; 112; 24449
1; 1; 113; 778
1; 1; 114; 1068
1; 1; 115; 882
1; 1; 116; 26265
1; 1; 117; 6527
1; 1; 118; 4333
1; 1; 119; 26373
1; 1; 120; 4328
1; 1; 121; 4357
1; 1; 122; 26317
1; 1; 123; 20844
1; 1; 124; 6270
1; 1; 125; 4318
1; 1; 126; 18963
1; 1; 127; 6321
1; 1; 128; 24330
1; 1; 129; 31750
1; 1; 130; 4576
1; 1; 131; 33071
1; 1; 132; 6322
1; 1; 133; 6428
1; 1; 134; 2346
1; 1; 135; 34611
1; 1; 136; 8983
1; 1; 137; 29399
1; 1; 138; 29398
1; 1; 139; 33
1; 1; 140; 32245
1; 1; 141; 5927
1; 1; 142; 651
1; 1; 143; 2840
1; 1; 144; 7867
1; 1; 145; 932
1; 1; 146; 8492
1; 1; 147; 6255
1; 1; 148; 21147
1; 1; 149; 33991
1; 1; 150; 0
2; 1; 151; 2836
2; 1; 152; 31020
2; 1; 153; 2699
2; 1; 154; 33686
2; 1; 155; 28516
2; 1; 156; 3219
2; 1; 157; 7492
2; 1; 158; 21343
2; 1; 159; 26836
2; 1; 160; 16908
2; 1; 161; 8365
2; 1; 162; 27327
2; 1; 163; 2091
2; 1; 164; 33532
2; 1; 165; 19836
2; 1; 166; 6587
2; 1; 167; 875
2; 1; 168; 908
2; 1; 169; 907
2; 1; 170; 27189
2; 1; 171; 32538
2; 1; 172; 317
2; 1; 173; 33203
2; 1; 174; 30872
2; 1; 175; 1774
2; 1; 176; 32560
2; 1; 177; 7814
2; 1; 178; 7357
2; 1; 179; 7372
2; 1; 180; 26248
2; 1; 181; 7355
2; 1; 182; 24306
2; 1; 183; 909
2; 1; 184; 21179
2; 1; 185; 7373
2; 1; 186; 7365
2; 1; 187; 7371
2; 1; 188; 16960
2; 1; 189; 969
2; 1; 190; 6129
2; 1; 191; 887
2; 1; 192; 7359
2; 1; 193; 730
2; 1; 194; 19473
2; 1; 195; 31441
2; 1; 196; 7137
2; 1; 197; 7979
2; 1; 198; 5970
2; 1; 199; 23037
2; 1; 200; 8033
2; 1; 201; 835
2; 1; 202; 32168
2; 1; 203; 642
2; 1; 204; 7070
2; 1; 205; 1669
2; 1; 206; 32109
2; 1; 207; 23955
2; 1; 208; 8188
2; 1; 209; 7646
2; 1; 210; 23890
2; 1; 211; 34486
2; 1; 212; 29087
2; 1; 213; 701
2; 1; 214; 7505
2; 1; 215; 34424
2; 1; 216; 817
2; 1; 217; 20412
2; 1; 218; 811
2; 1; 219; 4088
2; 1; 220; 33904
2; 1; 221; 7133
2; 1; 222; 3333
2; 1; 223; 766
2; 1; 224; 31588
2; 1; 225; 6260
2; 1; 226; 32096
2; 1; 227; 1241
2; 1; 228; 33002
2; 1; 229; 2241
2; 1; 230; 32079
2; 1; 231; 3330
2; 1; 232; 1246
2; 1; 233; 15945
2; 1; 234; 1247
2; 1; 235; 0
1; 1; 236; 0
2; 1; 237; 0
1; 2; 1; 3223
1; 2; 2; 0
2; 2; 3; 1726
2; 2; 4; 4579
2; 2; 5; 25213
2; 2; 6; 16575
2; 2; 7; 28784
2; 2; 8; 30026
2; 2; 9; 24043
2; 2; 10; 5209
2; 2; 11; 1212
2; 2; 12; 29032
2; 2; 13; 6771
2; 2; 14; 4825
2; 2; 15; 27965
2; 2; 16; 114
2; 2; 17; 20215
2; 2; 18; 26515
2; 2; 19; 23596
2; 2; 20; 30730
2; 2; 21; 16919
2; 2; 22; 15074
2; 2; 23; 22704
2; 2; 24; 15767
2; 2; 25; 22184
2; 2; 26; 2500
2; 2; 27; 4782
2; 2; 28; 406
2; 2; 29; 32774
2; 2; 30; 6498
2; 2; 31; 5226
2; 2; 32; 5053
2; 2; 33; 603
2; 2; 34; 31663
2; 2; 35; 31658
2; 2; 36; 4852
2; 2; 37; 31661
2; 2; 38; 4950
2; 2; 39; 32809
2; 2; 40; 28082
2; 2; 41; 3292
2; 2; 42; 4935
2; 2; 43; 33849
2; 2; 44; 3018
2; 2; 45; 28315
2; 2; 46; 6316
2; 2; 47; 7104
2; 2; 48; 5126
2; 2; 49; 5787
2; 2; 50; 4992
2; 2; 51; 5189
2; 2; 52; 4844
2; 2; 53; 5116
2; 2; 54; 7480
2; 2; 55; 1959
2; 2; 56; 34121
2; 2; 57; 5039
2; 2; 58; 8141
2; 2; 59; 17095
2; 2; 60; 6865
2; 2; 61; 1824
2; 2; 62; 4911
2; 2; 63; 30229
2; 2; 64; 32606
2; 2; 65; 576
2; 2; 66; 30710
2; 2; 67; 32778
2; 2; 68; 4904
2; 2; 69; 5788
2; 2; 70; 30968
2; 2; 71; 20793
2; 2; 72; 33425
2; 2; 73; 20621
2; 2; 74; 29895
2; 2; 75; 2314
2; 2; 76; 25195
2; 2; 77; 21701
2; 2; 78; 3046
2; 2; 79; 31023
2; 2; 80; 5221
2; 2; 81; 21276
2; 2; 82; 21807
2; 2; 83; 22342
2; 2; 84; 4796
2; 2; 85; 1734
2; 2; 86; 1805
2; 2; 87; 15142
2; 2; 88; 5351
2; 2; 89; 32285
2; 2; 90; 5178
2; 2; 91; 7541
2; 2; 92; 6603
2; 2; 93; 5127
2; 2; 94; 5861
2; 2; 95; 25100
2; 2; 96; 34841
2; 2; 97; 4755
2; 2; 98; 8327
2; 2; 99; 898
2; 2; 100; 5146
2; 2; 101; 15825
2; 2; 102; 32559
2; 2; 103; 5017
2; 2; 104; 5006
2; 2; 105; 24162
2; 2; 106; 5056
2; 2; 107; 28289
2; 2; 108; 4740
2; 2; 109; 2334
2; 2; 110; 29035
2; 2; 111; 5107
2; 2; 112; 5058
2; 2; 113; 5571
2; 2; 114; 5152
2; 2; 115; 4608
2; 2; 116; 4955
2; 2; 117; 5140
2; 2; 118; 5175
2; 2; 119; 15487
2; 2; 120; 820
2; 2; 121; 8319
2; 2; 122; 1601
2; 2; 123; 8412
2; 2; 124; 28125
2; 2; 125; 5832
2; 2; 126; 19087
2; 2; 127; 4957
2; 2; 128; 5105
2; 2; 129; 5190
2; 2; 130; 4824
2; 2; 131; 4857
2; 2; 132; 30528
2; 2; 133; 5170
2; 2; 134; 29250
2; 2; 135; 5144
2; 2; 136; 4772
2; 2; 137; 5061
2; 2; 138; 19155
2; 2; 139; 5109
2; 2; 140; 6359
2; 2; 141; 4991
2; 2; 142; 5176
2; 2; 143; 5128
2; 2; 144; 4988
2; 2; 145; 5929
2; 2; 146; 15426
2; 2; 147; 25969
2; 2; 148; 19697
2; 2; 149; 122
2; 2; 150; 15760
2; 2; 151; 33211
2; 2; 152; 5052
2; 2; 153; 24125
2; 2; 154; 5011
2; 2; 155; 5550
2; 2; 156; 8414
2; 2; 157; 1751
2; 2; 158; 1739
2; 2; 159; 4783
2; 2; 160; 5050
2; 2; 161; 26064
2; 2; 162; 16697
2; 2; 163; 6136
2; 2; 164; 31548
2; 2; 165; 4903
2; 2; 166; 4766
2; 2; 167; 2697
2; 2; 168; 16607
2; 2; 169; 1826
2; 2; 170; 4895
2; 2; 171; 338
2; 2; 172; 4816
2; 2; 173; 30238
2; 2; 174; 6272
2; 2; 175; 5142
2; 2; 176; 6144
2; 2; 177; 5082
2; 2; 178; 31913
2; 2; 179; 5564
2; 2; 180; 1876
2; 2; 181; 1875
2; 2; 182; 0
1; 2; 183; 33666
1; 2; 184; 32813
1; 2; 185; 4814
1; 2; 186; 5139
1; 2; 187; 4878
1; 2; 188; 34288
1; 2; 189; 4858
1; 2; 190; 5037
1; 2; 191; 1065
1; 2; 192; 881
1; 2; 193; 8363
1; 2; 194; 31183
1; 2; 195; 22751
1; 2; 196; 29342
1; 2; 197; 4201
1; 2; 198; 34814
1; 2; 199; 936
1; 2; 200; 1064
1; 2; 201; 1015
1; 2; 202; 7747
1; 2; 203; 27700
1; 2; 204; 839
1; 2; 205; 1602
1; 2; 206; 7753
1; 2; 207; 15911
1; 2; 208; 4234
1; 2; 209; 31151
1; 2; 210; 25745
1; 2; 211; 16132
1; 2; 212; 1040
1; 2; 213; 30812
1; 2; 214; 3308
1; 2; 215; 24882
1; 2; 216; 6828
1; 2; 217; 2456
1; 2; 218; 5882
1; 2; 219; 8131
1; 2; 220; 1221
1; 2; 221; 32895
1; 2; 222; 27365
1; 2; 223; 3348
1; 2; 224; 1012
1; 2; 225; 30165
1; 2; 226; 7097
1; 2; 227; 7430
1; 2; 228; 783
1; 2; 229; 7791
1; 2; 230; 1213
1; 2; 231; 3295
1; 2; 232; 30657
1; 2; 233; 997
1; 2; 234; 1174
1; 2; 235; 23391
1; 2; 236; 33840
1; 2; 237; 1063
1; 2; 238; 2652
1; 2; 239; 33781
1; 2; 240; 25584
1; 2; 241; 4337
1; 2; 242; 1007
1; 2; 243; 31507
1; 2; 244; 17439
1; 2; 245; 9016
1; 2; 246; 30758
1; 2; 247; 33740
1; 2; 248; 31047
1; 2; 249; 29973
1; 2; 250; 951
1; 2; 251; 25743
1; 2; 252; 940
1; 2; 253; 23988
1; 2; 254; 34389
1; 2; 255; 32746
1; 2; 256; 943
1; 2; 257; 4340
1; 2; 258; 28987
1; 2; 259; 31051
1; 2; 260; 1005
1; 2; 261; 23982
1; 2; 262; 944
1; 2; 263; 952
1; 2; 264; 32949
1; 2; 265; 33003
1; 2; 266; 30934
1; 2; 267; 597
1; 2; 268; 29911
1; 2; 269; 30199
1; 2; 270; 5298
1; 2; 271; 962
1; 2; 272; 941
1; 2; 273; 18715
1; 2; 274; 696
1; 2; 275; 942
1; 2; 276; 31905
1; 2; 277; 644
1; 2; 278; 24119
1; 2; 279; 964
1; 2; 280; 7205
1; 2; 281; 4721
1; 2; 282; 4953
1; 2; 283; 33953
1; 2; 284; 19950
1; 2; 285; 981
1; 2; 286; 993
1; 2; 287; 5576
1; 2; 288; 24257
1; 2; 289; 2340
1; 2; 290; 28043
1; 2; 291; 8669
1; 2; 292; 32952
1; 2; 293; 5908
1; 2; 294; 1200
1; 2; 295; 2524
1; 2; 296; 15093
1; 2; 297; 8369
1; 2; 298; 33839
1; 2; 299; 946
1; 2; 300; 31189
1; 2; 301; 30190
1; 2; 302; 34825
1; 2; 303; 30218
1; 2; 304; 34197
1; 2; 305; 30243
1; 2; 306; 29943
1; 2; 307; 30160
1; 2; 308; 30186
1; 2; 309; 30351
1; 2; 310; 30352
1; 2; 311; 0
2; 2; 312; 7774
2; 2; 313; 0
1; 3; 1; 0
2; 3; 2; 361
2; 3; 3; 23728
2; 3; 4; 34582
2; 3; 5; 34762
2; 3; 6; 795
2; 3; 7; 24021
2; 3; 8; 7617
2; 3; 9; 4949
2; 3; 10; 4823
2; 3; 11; 4829
2; 3; 12; 5205
2; 3; 13; 4851
2; 3; 14; 2682
2; 3; 15; 2184
2; 3; 16; 5804
2; 3; 17; 32568
2; 3; 18; 22296
2; 3; 19; 325
2; 3; 20; 8413
2; 3; 21; 6010
2; 3; 22; 8211
2; 3; 23; 5038
2; 3; 24; 5141
2; 3; 25; 3349
2; 3; 26; 6887
2; 3; 27; 31279
2; 3; 28; 6217
2; 3; 29; 24120
2; 3; 30; 2698
2; 3; 31; 26054
2; 3; 32; 1772
2; 3; 33; 4748
2; 3; 34; 1771
2; 3; 35; 29921
2; 3; 36; 3205
2; 3; 37; 34878
2; 3; 38; 4751
2; 3; 39; 4977
2; 3; 40; 5204
2; 3; 41; 4985
2; 3; 42; 4775
2; 3; 43; 5111
2; 3; 44; 5856
2; 3; 45; 4773
2; 3; 46; 2832
2; 3; 47; 33024
2; 3; 48; 34910
2; 3; 49; 26079
2; 3; 50; 895
2; 3; 51; 5005
2; 3; 52; 7953
2; 3; 53; 4763
2; 3; 54; 4752
2; 3; 55; 34219
2; 3; 56; 7300
2; 3; 57; 30969
2; 3; 58; 2707
2; 3; 59; 1755
2; 3; 60; 1764
2; 3; 61; 1895
2; 3; 62; 2621
2; 3; 63; 6249
2; 3; 64; 32601
2; 3; 65; 1760
2; 3; 66; 4797
2; 3; 67; 23070
2; 3; 68; 7308
2; 3; 69; 2306
2; 3; 70; 7740
2; 3; 71; 1745
2; 3; 72; 30370
2; 3; 73; 5092
2; 3; 74; 8410
2; 3; 75; 5010
2; 3; 76; 22171
2; 3; 77; 6809
2; 3; 78; 4780
2; 3; 79; 7211
2; 3; 80; 19987
2; 3; 81; 5729
2; 3; 82; 4875
2; 3; 83; 31898
2; 3; 84; 15458
2; 3; 85; 4350
2; 3; 86; 2316
2; 3; 87; 4958
2; 3; 88; 18
2; 3; 89; 17969
2; 3; 90; 0
1; 3; 91; 4631
1; 3; 92; 4815
1; 3; 93; 5080
1; 3; 94; 20231
1; 3; 95; 19546
1; 3; 96; 30809
1; 3; 97; 15272
1; 3; 98; 8368
1; 3; 99; 1625
1; 3; 100; 4801
1; 3; 101; 4956
1; 3; 102; 17201
1; 3; 103; 5202
1; 3; 104; 31461
1; 3; 105; 4987
1; 3; 106; 2949
1; 3; 107; 4910
1; 3; 108; 4524
1; 3; 109; 32946
1; 3; 110; 24528
1; 3; 111; 2191
1; 3; 112; 2188
1; 3; 113; 8607
1; 3; 114; 31469
1; 3; 115; 8202
1; 3; 116; 767
1; 3; 117; 32562
1; 3; 118; 33206
1; 3; 119; 32876
1; 3; 120; 19375
1; 3; 121; 15674
1; 3; 122; 26046
1; 3; 123; 573
1; 3; 124; 1155
1; 3; 125; 34646
1; 3; 126; 7316
1; 3; 127; 23110
1; 3; 128; 4354
1; 3; 129; 6248
1; 3; 130; 6955
1; 3; 131; 7237
1; 3; 132; 32735
1; 3; 133; 7730
1; 3; 134; 23726
1; 3; 135; 34650
1; 3; 136; 7477
1; 3; 137; 5264
1; 3; 138; 31188
1; 3; 139; 8290
1; 3; 140; 1324
1; 3; 141; 7072
1; 3; 142; 27124
1; 3; 143; 2862
1; 3; 144; 30814
1; 3; 145; 5303
1; 3; 146; 32127
1; 3; 147; 23795
1; 3; 148; 7437
1; 3; 149; 526
1; 3; 150; 1517
1; 3; 151; 2740
1; 3; 152; 622
1; 3; 153; 25262
1; 3; 154; 33947
1; 3; 155; 562
1; 3; 156; 1720
1; 3; 157; 7040
1; 3; 158; 2259
1; 3; 159; 28061
1; 3; 160; 34593
1; 3; 161; 15631
1; 3; 162; 2212
1; 3; 163; 33976
1; 3; 164; 30411
1; 3; 165; 572
1; 3; 166; 1583
1; 3; 167; 31485
1; 3; 168; 6094
1; 3; 169; 809
1; 3; 170; 27934
1; 3; 171; 1184
1; 3; 172; 1010
1; 3; 173; 8409
1; 3; 174; 3115
1; 3; 175; 28546
1; 3; 176; 1139
1; 3; 177; 846
1; 3; 178; 24590
1; 3; 179; 34331
1; 3; 180; 5185
1; 3; 181; 24164
1; 3; 182; 984
1; 3; 183; 949
1; 3; 184; 23862
1; 3; 185; 5762
1; 3; 186; 21839
1; 3; 187; 658
1; 3; 188; 33306
1; 3; 189; 33226
1; 3; 190; 32985
1; 3; 191; 927
1; 3; 192; 29598
1; 3; 193; 8444
1; 3; 194; 32776
1; 3; 195; 7226
1; 3; 196; 28367
1; 3; 197; 21589
1; 3; 198; 18996
1; 3; 199; 6378
1; 3; 200; 32245
1; 3; 201; 19168
1; 3; 202; 6274
1; 3; 203; 395
1; 3; 204; 25704
1; 3; 205; 5794
1; 3; 206; 30440
1; 3; 207; 27561
1; 3; 208; 34343
1; 3; 209; 33951
1; 3; 210; 25543
1; 3; 211; 1605
1; 3; 212; 14927
1; 3; 213; 15958
1; 3; 214; 30075
1; 3; 215; 4359
1; 3; 216; 23086
1; 3; 217; 8435
1; 3; 218; 0
2; 3; 219; 0
1; 4; 1; 33666
1; 4; 2; 5215
1; 4; 3; 1374
1; 4; 4; 6340
1; 4; 5; 4800
1; 4; 6; 892
1; 4; 7; 5232
1; 4; 8; 6587
1; 4; 9; 2627
1; 4; 10; 34458
1; 4; 11; 6315
1; 4; 12; 26241
1; 4; 13; 4845
1; 4; 14; 8418
1; 4; 15; 5131
1; 4; 16; 8361
1; 4; 17; 1903
1; 4; 18; 31658
1; 4; 19; 31661
1; 4; 20; 5542
1; 4; 21; 32823
1; 4; 22; 31663
1; 4; 23; 6503
1; 4; 24; 32889
1; 4; 25; 28825
1; 4; 26; 4235
1; 4; 27; 4981
1; 4; 28; 4831
1; 4; 29; 7161
1; 4; 30; 20512
1; 4; 31; 1585
1; 4; 32; 7309
1; 4; 33; 2100
1; 4; 34; 24306
1; 4; 35; 7357
1; 4; 36; 7370
1; 4; 37; 7359
1; 4; 38; 7355
1; 4; 39; 0
2; 4; 40; 0
1; 4; 41; 0
2; 4; 42; 363
2; 4; 43; 358
2; 4; 44; 33236
2; 4; 45; 1854
2; 4; 46; 4926
2; 4; 47; 972
2; 4; 48; 29175
2; 4; 49; 33104
2; 4; 50; 18967
2; 4; 51; 30164
2; 4; 52; 1303
2; 4; 53; 34669
2; 4; 54; 7980
2; 4; 55; 30824
2; 4; 56; 16759
2; 4; 57; 15180
2; 4; 58; 34612
2; 4; 59; 31152
2; 4; 60; 1378
2; 4; 61; 747
2; 4; 62; 880
2; 4; 63; 1731
2; 4; 64; 7646
2; 4; 65; 7720
2; 4; 66; 16093
2; 4; 67; 17665
2; 4; 68; 1013
2; 4; 69; 34306
2; 4; 70; 21094
2; 4; 71; 23990
2; 4; 72; 5473
2; 4; 73; 31323
2; 4; 74; 27100
2; 4; 75; 32109
2; 4; 76; 2741
2; 4; 77; 7694
2; 4; 78; 1522
2; 4; 79; 17379
2; 4; 80; 18837
2; 4; 81; 733
2; 4; 82; 23922
2; 4; 83; 930
2; 4; 84; 1223
2; 4; 85; 30382
2; 4; 86; 844
2; 4; 87; 27137
2; 4; 88; 29626
2; 4; 89; 934
2; 4; 90; 850
2; 4; 91; 808
2; 4; 92; 1085
2; 4; 93; 1069
2; 4; 94; 1335
2; 4; 95; 697
2; 4; 96; 1332
2; 4; 97; 30825
2; 4; 98; 31156
2; 4; 99; 4618
2; 4; 100; 34366
2; 4; 101; 1268
2; 4; 102; 5036
2; 4; 103; 2516
2; 4; 104; 29893
2; 4; 105; 1066
2; 4; 106; 1255
2; 4; 107; 1267
2; 4; 108; 24358
2; 4; 109; 24046
2; 4; 110; 24044
2; 4; 111; 28517
2; 4; 112; 205
2; 4; 113; 24322
2; 4; 114; 29204
2; 4; 115; 30242
2; 4; 116; 33954
2; 4; 117; 4367
2; 4; 118; 203
2; 4; 119; 3141
2; 4; 120; 21297
2; 4; 121; 2094
2; 4; 122; 29839
2; 4; 123; 1924
2; 4; 124; 1041
2; 4; 125; 688
2; 4; 126; 1337
2; 4; 127; 31025
2; 4; 128; 1189
2; 4; 129; 31833
2; 4; 130; 17957
2; 4; 131; 31517
2; 4; 132; 24822
2; 4; 133; 19441
2; 4; 134; 3209
2; 4; 135; 6181
2; 4; 136; 17733
2; 4; 137; 32245
2; 4; 138; 33
2; 4; 139; 29892
2; 4; 140; 121
2; 4; 141; 16062
2; 4; 142; 30863
2; 4; 143; 26558
2; 4; 144; 24042
2; 4; 145; 5296
2; 4; 146; 2511
2; 4; 147; 24229
2; 4; 148; 32370
2; 4; 149; 32261
2; 4; 150; 5773
2; 4; 151; 34111
2; 4; 152; 5532
2; 4; 153; 6064
2; 4; 154; 577
2; 4; 155; 32386
2; 4; 156; 31750
2; 4; 157; 27958
2; 4; 158; 143
2; 4; 159; 1228
2; 4; 160; 6895
2; 4; 161; 16661
2; 4; 162; 23160
2; 4; 163; 18720
2; 4; 164; 33070
2; 4; 165; 32711
2; 4; 166; 1603
2; 4; 167; 34504
2; 4; 168; 8333
2; 4; 169; 1018
2; 4; 170; 4454
2; 4; 171; 28198
2; 4; 172; 29744
2; 4; 173; 2593
2; 4; 174; 6863
2; 4; 175; 6169
2; 4; 176; 16673
2; 4; 177; 23106
2; 4; 178; 1506
2; 4; 179; 1211
2; 4; 180; 26190
2; 4; 181; 30149
2; 4; 182; 28007
2; 4; 183; 836
2; 4; 184; 1247
2; 4; 185; 1246
2; 4; 186; 24705
2; 4; 187; 32079
2; 4; 188; 1638
2; 4; 189; 18887
2; 4; 190; 4779
2; 4; 191; 1084
2; 4; 192; 22253
2; 4; 193; 868
2; 4; 194; 1336
2; 4; 195; 5792
2; 4; 196; 29975
2; 4; 197; 2483
2; 4; 198; 8971
2; 4; 199; 4319
2; 4; 200; 34544
2; 4; 201; 1518
2; 4; 202; 30157
2; 4; 203; 0
