1; 0; 1; 1854
1; 0; 2; 0
2; 0; 3; 33666
2; 0; 4; 23728
2; 0; 5; 34909
2; 0; 6; 919
2; 0; 7; 5139
2; 0; 8; 4814
2; 0; 9; 32813
2; 0; 10; 34582
2; 0; 11; 6168
2; 0; 12; 4631
2; 0; 13; 31661
2; 0; 14; 4774
2; 0; 15; 4950
2; 0; 16; 31663
2; 0; 17; 31658
2; 0; 18; 3292
2; 0; 19; 5215
2; 0; 20; 795
2; 0; 21; 1374
2; 0; 22; 8365
2; 0; 23; 4878
2; 0; 24; 34288
2; 0; 25; 972
2; 0; 26; 1015
2; 0; 27; 8363
2; 0; 28; 1064
2; 0; 29; 1602
2; 0; 30; 27700
2; 0; 31; 930
2; 0; 32; 162
2; 0; 33; 33827
2; 0; 34; 8497
2; 0; 35; 804
2; 0; 36; 26070
2; 0; 37; 5036
2; 0; 38; 1268
2; 0; 39; 22147
2; 0; 40; 1957
2; 0; 41; 256
2; 0; 42; 1269
2; 0; 43; 25465
2; 0; 44; 1256
2; 0; 45; 20963
2; 0; 46; 29204
2; 0; 47; 6912
2; 0; 48; 30242
2; 0; 49; 24322
2; 0; 50; 4367
2; 0; 51; 33954
2; 0; 52; 203
2; 0; 53; 205
2; 0; 54; 22771
2; 0; 55; 21297
2; 0; 56; 31136
2; 0; 57; 30383
2; 0; 58; 29839
2; 0; 59; 24449
2; 0; 60; 28517
2; 0; 61; 25082
2; 0; 62; 15168
2; 0; 63; 1924
2; 0; 64; 6527
2; 0; 65; 4333
2; 0; 66; 26373
2; 0; 67; 4328
2; 0; 68; 1189
2; 0; 69; 31833
2; 0; 70; 24822
2; 0; 71; 5296
2; 0; 72; 2511
2; 0; 73; 23086
2; 0; 74; 8435
2; 0; 75; 30440
2; 0; 76; 18963
2; 0; 77; 4318
2; 0; 78; 6321
2; 0; 79; 24330
2; 0; 80; 27561
2; 0; 81; 31517
2; 0; 82; 16062
2; 0; 83; 33
2; 0; 84; 32245
2; 0; 85; 6064
2; 0; 86; 577
2; 0; 87; 32386
2; 0; 88; 5532
2; 0; 89; 34111
2; 0; 90; 5773
2; 0; 91; 32261
2; 0; 92; 32370
2; 0; 93; 31750
2; 0; 94; 5794
2; 0; 95; 19441
2; 0; 96; 17957
2; 0; 97; 0
1; 0; 98; 7772
1; 0; 99; 5226
1; 0; 100; 34762
1; 0; 101; 30164
1; 0; 102; 31152
1; 0; 103; 747
1; 0; 104; 1378
1; 0; 105; 1731
1; 0; 106; 1013
1; 0; 107; 16093
1; 0; 108; 34424
1; 0; 109; 7505
1; 0; 110; 1043
1; 0; 111; 7709
1; 0; 112; 32694
1; 0; 113; 7694
1; 0; 114; 20328
1; 0; 115; 2741
1; 0; 116; 7646
1; 0; 117; 835
1; 0; 118; 8033
1; 0; 119; 27100
1; 0; 120; 27692
1; 0; 121; 20412
1; 0; 122; 7083
1; 0; 123; 24047
1; 0; 124; 935
1; 0; 125; 23990
1; 0; 126; 34306
1; 0; 127; 7070
1; 0; 128; 642
1; 0; 129; 23955
1; 0; 130; 811
1; 0; 131; 32109
1; 0; 132; 7424
1; 0; 133; 4487
1; 0; 134; 1522
1; 0; 135; 956
1; 0; 136; 7009
1; 0; 137; 812
1; 0; 138; 5473
1; 0; 139; 24389
1; 0; 140; 4088
1; 0; 141; 21094
1; 0; 142; 3333
1; 0; 143; 8971
1; 0; 144; 2483
1; 0; 145; 33002
1; 0; 146; 3330
1; 0; 147; 32079
1; 0; 148; 16673
1; 0; 149; 5792
1; 0; 150; 1084
1; 0; 151; 18887
1; 0; 152; 15945
1; 0; 153; 1247
1; 0; 154; 1246
1; 0; 155; 28007
1; 0; 156; 31156
1; 0; 157; 6654
1; 0; 158; 33985
1; 0; 159; 2728
1; 0; 160; 33162
1; 0; 161; 6360
1; 0; 162; 15265
1; 0; 163; 1255
1; 0; 164; 1254
1; 0; 165; 34050
1; 0; 166; 891
1; 0; 167; 1334
1; 0; 168; 3357
1; 0; 169; 32864
1; 0; 170; 785
1; 0; 171; 24044
1; 0; 172; 1264
1; 0; 173; 30089
1; 0; 174; 5791
1; 0; 175; 6139
1; 0; 176; 4358
1; 0; 177; 853
1; 0; 178; 23702
1; 0; 179; 783
1; 0; 180; 1213
1; 0; 181; 1063
1; 0; 182; 2652
1; 0; 183; 25584
1; 0; 184; 33781
1; 0; 185; 33840
1; 0; 186; 1174
1; 0; 187; 34374
1; 0; 188; 31608
1; 0; 189; 557
1; 0; 190; 624
1; 0; 191; 22825
1; 0; 192; 7477
1; 0; 193; 1017
1; 0; 194; 1067
1; 0; 195; 7011
1; 0; 196; 31188
1; 0; 197; 7237
1; 0; 198; 584
1; 0; 199; 7714
1; 0; 200; 4354
1; 0; 201; 23110
1; 0; 202; 33947
1; 0; 203; 449
1; 0; 204; 32562
1; 0; 205; 537
1; 0; 206; 5264
1; 0; 207; 25248
1; 0; 208; 552
1; 0; 209; 620
1; 0; 210; 32735
1; 0; 211; 1155
1; 0; 212; 7315
1; 0; 213; 23726
1; 0; 214; 34646
1; 0; 215; 574
1; 0; 216; 32876
1; 0; 217; 34650
1; 0; 218; 8201
1; 0; 219; 7316
1; 0; 220; 6478
1; 0; 221; 23155
1; 0; 222; 1000
1; 0; 223; 571
1; 0; 224; 32300
1; 0; 225; 15674
1; 0; 226; 19375
1; 0; 227; 33206
1; 0; 228; 572
1; 0; 229; 550
1; 0; 230; 7072
1; 0; 231; 8290
1; 0; 232; 526
1; 0; 233; 5682
1; 0; 234; 28061
1; 0; 235; 7040
1; 0; 236; 26046
1; 0; 237; 2259
1; 0; 238; 23795
1; 0; 239; 5303
1; 0; 240; 7437
1; 0; 241; 34593
1; 0; 242; 2212
1; 0; 243; 15631
1; 0; 244; 30815
1; 0; 245; 7618
1; 0; 246; 562
1; 0; 247; 25920
1; 0; 248; 622
1; 0; 249; 7314
1; 0; 250; 573
1; 0; 251; 1934
1; 0; 252; 2191
1; 0; 253; 2188
1; 0; 254; 0
2; 0; 255; 21335
2; 0; 256; 33236
2; 0; 257; 31020
2; 0; 258; 1594
2; 0; 259; 2839
2; 0; 260; 0
1; 1; 1; 0
2; 1; 2; 4986
2; 1; 3; 875
2; 1; 4; 1774
2; 1; 5; 30872
2; 1; 6; 32538
2; 1; 7; 27189
2; 1; 8; 908
2; 1; 9; 907
2; 1; 10; 33203
2; 1; 11; 317
2; 1; 12; 32560
2; 1; 13; 730
2; 1; 14; 19473
2; 1; 15; 7359
2; 1; 16; 7357
2; 1; 17; 7372
2; 1; 18; 24306
2; 1; 19; 7355
2; 1; 20; 7370
2; 1; 21; 26248
2; 1; 22; 887
2; 1; 23; 909
2; 1; 24; 6129
2; 1; 25; 21179
2; 1; 26; 969
2; 1; 27; 0
1; 1; 28; 7774
1; 1; 29; 4845
1; 1; 30; 19836
1; 1; 31; 6587
1; 1; 32; 33532
1; 1; 33; 4749
1; 1; 34; 33849
1; 1; 35; 5038
1; 1; 36; 4815
1; 1; 37; 5080
1; 1; 38; 5114
1; 1; 39; 24078
1; 1; 40; 33024
1; 1; 41; 19987
1; 1; 42; 5729
1; 1; 43; 4988
1; 1; 44; 2353
1; 1; 45; 8410
1; 1; 46; 5055
1; 1; 47; 28289
1; 1; 48; 4875
1; 1; 49; 22171
1; 1; 50; 5018
1; 1; 51; 4350
1; 1; 52; 15458
1; 1; 53; 4753
1; 1; 54; 895
1; 1; 55; 6865
1; 1; 56; 6888
1; 1; 57; 5555
1; 1; 58; 2300
1; 1; 59; 5092
1; 1; 60; 1728
1; 1; 61; 1771
1; 1; 62; 1727
1; 1; 63; 30969
1; 1; 64; 20010
1; 1; 65; 31679
1; 1; 66; 5012
1; 1; 67; 25969
1; 1; 68; 30152
1; 1; 69; 30370
1; 1; 70; 4796
1; 1; 71; 2757
1; 1; 72; 1734
1; 1; 73; 1745
1; 1; 74; 7740
1; 1; 75; 1764
1; 1; 76; 2306
1; 1; 77; 2698
1; 1; 78; 32601
1; 1; 79; 4896
1; 1; 80; 7300
1; 1; 81; 1760
1; 1; 82; 5049
1; 1; 83; 4797
1; 1; 84; 26054
1; 1; 85; 6249
1; 1; 86; 32606
1; 1; 87; 22342
1; 1; 88; 5219
1; 1; 89; 4884
1; 1; 90; 5888
1; 1; 91; 7953
1; 1; 92; 7211
1; 1; 93; 31279
1; 1; 94; 4780
1; 1; 95; 4798
1; 1; 96; 31898
1; 1; 97; 34739
1; 1; 98; 34679
1; 1; 99; 4978
1; 1; 100; 4763
1; 1; 101; 3003
1; 1; 102; 5159
1; 1; 103; 5166
1; 1; 104; 24120
1; 1; 105; 28819
1; 1; 106; 32702
1; 1; 107; 4879
1; 1; 108; 26079
1; 1; 109; 5224
1; 1; 110; 5010
1; 1; 111; 18
1; 1; 112; 34910
1; 1; 113; 4958
1; 1; 114; 4844
1; 1; 115; 17969
1; 1; 116; 1407
1; 1; 117; 5006
1; 1; 118; 15940
1; 1; 119; 5339
1; 1; 120; 17095
1; 1; 121; 30710
1; 1; 122; 2314
1; 1; 123; 33425
1; 1; 124; 31023
1; 1; 125; 5221
1; 1; 126; 20621
1; 1; 127; 21276
1; 1; 128; 21807
1; 1; 129; 7308
1; 1; 130; 19697
1; 1; 131; 5351
1; 1; 132; 4970
1; 1; 133; 5861
1; 1; 134; 5011
1; 1; 135; 1826
1; 1; 136; 5146
1; 1; 137; 5178
1; 1; 138; 6136
1; 1; 139; 16697
1; 1; 140; 26064
1; 1; 141; 25100
1; 1; 142; 8327
1; 1; 143; 4755
1; 1; 144; 34841
1; 1; 145; 5564
1; 1; 146; 5142
1; 1; 147; 338
1; 1; 148; 2697
1; 1; 149; 5201
1; 1; 150; 4804
1; 1; 151; 4748
1; 1; 152; 2832
1; 1; 153; 5048
1; 1; 154; 8211
1; 1; 155; 7104
1; 1; 156; 20231
1; 1; 157; 4981
1; 1; 158; 19546
1; 1; 159; 8368
1; 1; 160; 15272
1; 1; 161; 1625
1; 1; 162; 30809
1; 1; 163; 6010
1; 1; 164; 2680
1; 1; 165; 1903
1; 1; 166; 26241
1; 1; 167; 23810
1; 1; 168; 27327
1; 1; 169; 5037
1; 1; 170; 33104
1; 1; 171; 23922
1; 1; 172; 5882
1; 1; 173; 3348
1; 1; 174; 24882
1; 1; 175; 6828
1; 1; 176; 2456
1; 1; 177; 27365
1; 1; 178; 7097
1; 1; 179; 733
1; 1; 180; 7137
1; 1; 181; 5970
1; 1; 182; 25341
1; 1; 183; 8269
1; 1; 184; 32168
1; 1; 185; 8233
1; 1; 186; 31441
1; 1; 187; 7979
1; 1; 188; 23037
1; 1; 189; 697
1; 1; 190; 836
1; 1; 191; 1603
1; 1; 192; 1590
1; 1; 193; 3045
1; 1; 194; 34504
1; 1; 195; 8333
1; 1; 196; 32711
1; 1; 197; 33070
1; 1; 198; 18720
1; 1; 199; 27958
1; 1; 200; 5297
1; 1; 201; 14927
1; 1; 202; 15958
1; 1; 203; 1605
1; 1; 204; 33951
1; 1; 205; 6181
1; 1; 206; 6270
1; 1; 207; 3209
1; 1; 208; 32245
1; 1; 209; 4359
1; 1; 210; 6274
1; 1; 211; 395
1; 1; 212; 25704
1; 1; 213; 0
2; 1; 214; 0
1; 2; 1; 25188
1; 2; 2; 2836
1; 2; 3; 0
2; 2; 4; 0
1; 2; 5; 33666
1; 2; 6; 24021
1; 2; 7; 7617
1; 2; 8; 6340
1; 2; 9; 5063
1; 2; 10; 21967
1; 2; 11; 603
1; 2; 12; 4767
1; 2; 13; 31267
1; 2; 14; 8418
1; 2; 15; 34458
1; 2; 16; 5542
1; 2; 17; 31661
1; 2; 18; 31658
1; 2; 19; 4907
1; 2; 20; 4851
1; 2; 21; 5232
1; 2; 22; 28082
1; 2; 23; 32809
1; 2; 24; 5131
1; 2; 25; 31663
1; 2; 26; 0
2; 2; 27; 15911
2; 2; 28; 7747
2; 2; 29; 1065
2; 2; 30; 881
2; 2; 31; 25745
2; 2; 32; 16132
2; 2; 33; 1040
2; 2; 34; 34814
2; 2; 35; 29342
2; 2; 36; 936
2; 2; 37; 4201
2; 2; 38; 22751
2; 2; 39; 31183
2; 2; 40; 30812
2; 2; 41; 34669
2; 2; 42; 16759
2; 2; 43; 15180
2; 2; 44; 34612
2; 2; 45; 7980
2; 2; 46; 30824
2; 2; 47; 1221
2; 2; 48; 8131
2; 2; 49; 1012
2; 2; 50; 30165
2; 2; 51; 32895
2; 2; 52; 18837
2; 2; 53; 1335
2; 2; 54; 1272
2; 2; 55; 1312
2; 2; 56; 24295
2; 2; 57; 20419
2; 2; 58; 2714
2; 2; 59; 751
2; 2; 60; 20453
2; 2; 61; 20457
2; 2; 62; 1041
2; 2; 63; 688
2; 2; 64; 882
2; 2; 65; 26265
2; 2; 66; 1337
2; 2; 67; 4357
2; 2; 68; 31025
2; 2; 69; 4576
2; 2; 70; 29892
2; 2; 71; 33071
2; 2; 72; 121
2; 2; 73; 34611
2; 2; 74; 8983
2; 2; 75; 6322
2; 2; 76; 6428
2; 2; 77; 2346
2; 2; 78; 33513
2; 2; 79; 15031
2; 2; 80; 6378
2; 2; 81; 28985
2; 2; 82; 8492
2; 2; 83; 33991
2; 2; 84; 21147
2; 2; 85; 6255
2; 2; 86; 932
2; 2; 87; 7867
2; 2; 88; 2840
2; 2; 89; 5927
2; 2; 90; 651
2; 2; 91; 18996
2; 2; 92; 21589
2; 2; 93; 28367
2; 2; 94; 7226
2; 2; 95; 19186
2; 2; 96; 8444
2; 2; 97; 32776
2; 2; 98; 9490
2; 2; 99; 29598
2; 2; 100; 32985
2; 2; 101; 658
2; 2; 102; 1008
2; 2; 103; 927
2; 2; 104; 32950
2; 2; 105; 4881
2; 2; 106; 5762
2; 2; 107; 21839
2; 2; 108; 23862
2; 2; 109; 6813
2; 2; 110; 949
2; 2; 111; 5185
2; 2; 112; 3115
2; 2; 113; 24164
2; 2; 114; 25505
2; 2; 115; 34331
2; 2; 116; 24590
2; 2; 117; 948
2; 2; 118; 950
2; 2; 119; 25586
2; 2; 120; 7706
2; 2; 121; 19770
2; 2; 122; 26763
2; 2; 123; 984
2; 2; 124; 846
2; 2; 125; 1526
2; 2; 126; 8409
2; 2; 127; 6094
2; 2; 128; 1139
2; 2; 129; 29973
2; 2; 130; 9016
2; 2; 131; 30758
2; 2; 132; 31047
2; 2; 133; 33740
2; 2; 134; 17439
2; 2; 135; 30199
2; 2; 136; 3329
2; 2; 137; 24163
2; 2; 138; 809
2; 2; 139; 843
2; 2; 140; 810
2; 2; 141; 3238
2; 2; 142; 4334
2; 2; 143; 1566
2; 2; 144; 21064
2; 2; 145; 1640
2; 2; 146; 945
2; 2; 147; 18716
2; 2; 148; 16472
2; 2; 149; 22341
2; 2; 150; 865
2; 2; 151; 33318
2; 2; 152; 25649
2; 2; 153; 946
2; 2; 154; 33839
2; 2; 155; 32949
2; 2; 156; 33003
2; 2; 157; 30218
2; 2; 158; 30243
2; 2; 159; 30352
2; 2; 160; 30160
2; 2; 161; 30186
2; 2; 162; 30351
2; 2; 163; 34197
2; 2; 164; 34825
2; 2; 165; 30190
2; 2; 166; 31189
2; 2; 167; 8369
2; 2; 168; 23988
2; 2; 169; 940
2; 2; 170; 28987
2; 2; 171; 32952
2; 2; 172; 8669
2; 2; 173; 33953
2; 2; 174; 1200
2; 2; 175; 24257
2; 2; 176; 993
2; 2; 177; 5576
2; 2; 178; 2524
2; 2; 179; 15093
2; 2; 180; 2340
2; 2; 181; 5908
2; 2; 182; 32746
2; 2; 183; 943
2; 2; 184; 4340
2; 2; 185; 19950
2; 2; 186; 981
2; 2; 187; 4953
2; 2; 188; 28043
2; 2; 189; 24119
2; 2; 190; 964
2; 2; 191; 7205
2; 2; 192; 23982
2; 2; 193; 4721
2; 2; 194; 952
2; 2; 195; 944
2; 2; 196; 30934
2; 2; 197; 18715
2; 2; 198; 5298
2; 2; 199; 31905
2; 2; 200; 942
2; 2; 201; 696
2; 2; 202; 941
2; 2; 203; 962
2; 2; 204; 29911
2; 2; 205; 597
2; 2; 206; 644
2; 2; 207; 951
2; 2; 208; 1005
2; 2; 209; 25743
2; 2; 210; 31051
2; 2; 211; 34389
2; 2; 212; 23876
2; 2; 213; 890
2; 2; 214; 959
2; 2; 215; 958
2; 2; 216; 0
1; 3; 1; 0
2; 3; 2; 0
1; 3; 3; 28899
1; 3; 4; 2688
1; 3; 5; 361
1; 3; 6; 34762
1; 3; 7; 4858
1; 3; 8; 24118
1; 3; 9; 18967
1; 3; 10; 31323
1; 3; 11; 32109
1; 3; 12; 508
1; 3; 13; 8188
1; 3; 14; 960
1; 3; 15; 1669
1; 3; 16; 880
1; 3; 17; 701
1; 3; 18; 7646
1; 3; 19; 8272
1; 3; 20; 8584
1; 3; 21; 21094
1; 3; 22; 766
1; 3; 23; 1018
1; 3; 24; 29744
1; 3; 25; 4454
1; 3; 26; 28198
1; 3; 27; 2593
1; 3; 28; 23106
1; 3; 29; 1638
1; 3; 30; 2241
1; 3; 31; 32079
1; 3; 32; 29975
1; 3; 33; 20533
1; 3; 34; 789
1; 3; 35; 883
1; 3; 36; 33904
1; 3; 37; 7133
1; 3; 38; 17665
1; 3; 39; 23880
1; 3; 40; 817
1; 3; 41; 2741
1; 3; 42; 33996
1; 3; 43; 22483
1; 3; 44; 7720
1; 3; 45; 7374
1; 3; 46; 23890
1; 3; 47; 29087
1; 3; 48; 34486
1; 3; 49; 17379
1; 3; 50; 5793
1; 3; 51; 1332
1; 3; 52; 31156
1; 3; 53; 30825
1; 3; 54; 1278
1; 3; 55; 2516
1; 3; 56; 24358
1; 3; 57; 29893
1; 3; 58; 24461
1; 3; 59; 5679
1; 3; 60; 18006
1; 3; 61; 8331
1; 3; 62; 21300
1; 3; 63; 24294
1; 3; 64; 1268
1; 3; 65; 23852
1; 3; 66; 29839
1; 3; 67; 2094
1; 3; 68; 18009
1; 3; 69; 26862
1; 3; 70; 33926
1; 3; 71; 31961
1; 3; 72; 30365
1; 3; 73; 1211
1; 3; 74; 4618
1; 3; 75; 30149
1; 3; 76; 1246
1; 3; 77; 24705
1; 3; 78; 4779
1; 3; 79; 1247
1; 3; 80; 28007
1; 3; 81; 1506
1; 3; 82; 1273
1; 3; 83; 933
1; 3; 84; 26190
1; 3; 85; 2939
1; 3; 86; 34366
1; 3; 87; 26706
1; 3; 88; 851
1; 3; 89; 29885
1; 3; 90; 26401
1; 3; 91; 1083
1; 3; 92; 5036
1; 3; 93; 1267
1; 3; 94; 32973
1; 3; 95; 17541
1; 3; 96; 31900
1; 3; 97; 31904
1; 3; 98; 24046
1; 3; 99; 3134
1; 3; 100; 1066
1; 3; 101; 1280
1; 3; 102; 1255
1; 3; 103; 20255
1; 3; 104; 16326
1; 3; 105; 29246
1; 3; 106; 205
1; 3; 107; 3141
1; 3; 108; 778
1; 3; 109; 1068
1; 3; 110; 204
1; 3; 111; 24229
1; 3; 112; 3197
1; 3; 113; 19168
1; 3; 114; 31750
1; 3; 115; 7184
1; 3; 116; 17714
1; 3; 117; 24042
1; 3; 118; 26558
1; 3; 119; 29398
1; 3; 120; 29399
1; 3; 121; 33
1; 3; 122; 32245
1; 3; 123; 0
2; 3; 124; 33236
2; 3; 125; 4842
2; 3; 126; 34672
2; 3; 127; 28495
2; 3; 128; 4734
2; 3; 129; 23728
2; 3; 130; 4579
2; 3; 131; 22184
2; 3; 132; 28784
2; 3; 133; 16919
2; 3; 134; 3219
2; 3; 135; 26836
2; 3; 136; 15767
2; 3; 137; 2699
2; 3; 138; 1212
2; 3; 139; 28516
2; 3; 140; 16575
2; 3; 141; 26515
2; 3; 142; 4825
2; 3; 143; 1726
2; 3; 144; 4926
2; 3; 145; 4234
2; 3; 146; 7753
2; 3; 147; 839
2; 3; 148; 31151
2; 3; 149; 3308
2; 3; 150; 934
2; 3; 151; 808
2; 3; 152; 850
2; 3; 153; 27137
2; 3; 154; 29626
2; 3; 155; 1069
2; 3; 156; 30382
2; 3; 157; 1223
2; 3; 158; 844
2; 3; 159; 1085
2; 3; 160; 3295
2; 3; 161; 997
2; 3; 162; 7791
2; 3; 163; 4337
2; 3; 164; 7430
2; 3; 165; 30657
2; 3; 166; 23391
2; 3; 167; 1007
2; 3; 168; 141
2; 3; 169; 26046
2; 3; 170; 34646
2; 3; 171; 23726
2; 3; 172; 34650
2; 3; 173; 7730
2; 3; 174; 767
2; 3; 175; 32127
2; 3; 176; 1720
2; 3; 177; 8202
2; 3; 178; 2191
2; 3; 179; 2188
2; 3; 180; 32946
2; 3; 181; 8607
2; 3; 182; 31469
2; 3; 183; 24528
2; 3; 184; 30375
2; 3; 185; 24180
2; 3; 186; 6955
2; 3; 187; 25262
2; 3; 188; 2740
2; 3; 189; 6248
2; 3; 190; 1517
2; 3; 191; 768
2; 3; 192; 15674
2; 3; 193; 1583
2; 3; 194; 27124
2; 3; 195; 25776
2; 3; 196; 33976
2; 3; 197; 30411
2; 3; 198; 1324
2; 3; 199; 538
2; 3; 200; 2862
2; 3; 201; 8234
2; 3; 202; 5229
2; 3; 203; 34199
2; 3; 204; 30814
2; 3; 205; 0
1; 4; 1; 0
2; 4; 2; 6498
2; 4; 3; 25213
2; 4; 4; 2500
2; 4; 5; 32774
2; 4; 6; 24043
2; 4; 7; 22704
2; 4; 8; 30730
2; 4; 9; 7492
2; 4; 10; 33686
2; 4; 11; 20215
2; 4; 12; 29032
2; 4; 13; 30026
2; 4; 14; 23596
2; 4; 15; 114
2; 4; 16; 27965
2; 4; 17; 6771
2; 4; 18; 21343
2; 4; 19; 4782
2; 4; 20; 5209
2; 4; 21; 406
2; 4; 22; 16908
2; 4; 23; 15074
2; 4; 24; 4800
2; 4; 25; 4974
2; 4; 26; 7161
2; 4; 27; 20690
2; 4; 28; 16580
2; 4; 29; 7941
2; 4; 30; 4985
2; 4; 31; 34878
2; 4; 32; 4977
2; 4; 33; 29266
2; 4; 34; 1663
2; 4; 35; 31461
2; 4; 36; 3205
2; 4; 37; 5202
2; 4; 38; 29921
2; 4; 39; 4751
2; 4; 40; 4956
2; 4; 41; 5407
2; 4; 42; 1758
2; 4; 43; 4740
2; 4; 44; 2539
2; 4; 45; 6925
2; 4; 46; 7953
2; 4; 47; 4969
2; 4; 48; 6217
2; 4; 49; 24120
2; 4; 50; 7740
2; 4; 51; 2707
2; 4; 52; 1895
2; 4; 53; 4838
2; 4; 54; 15426
2; 4; 55; 1824
2; 4; 56; 17201
2; 4; 57; 4750
2; 4; 58; 32102
2; 4; 59; 4911
2; 4; 60; 30229
2; 4; 61; 5788
2; 4; 62; 30968
2; 4; 63; 20793
2; 4; 64; 576
2; 4; 65; 3046
2; 4; 66; 21701
2; 4; 67; 25195
2; 4; 68; 1888
2; 4; 69; 30875
2; 4; 70; 5093
2; 4; 71; 25860
2; 4; 72; 17262
2; 4; 73; 1995
2; 4; 74; 15825
2; 4; 75; 32285
2; 4; 76; 4766
2; 4; 77; 898
2; 4; 78; 16607
2; 4; 79; 6272
2; 4; 80; 30238
2; 4; 81; 4816
2; 4; 82; 4895
2; 4; 83; 1876
2; 4; 84; 1875
2; 4; 85; 5082
2; 4; 86; 6144
2; 4; 87; 31913
2; 4; 88; 29895
2; 4; 89; 32778
2; 4; 90; 4904
2; 4; 91; 2621
2; 4; 92; 1772
2; 4; 93; 5362
2; 4; 94; 29509
2; 4; 95; 2316
2; 4; 96; 4994
2; 4; 97; 5009
2; 4; 98; 1732
2; 4; 99; 5017
2; 4; 100; 4763
2; 4; 101; 27613
2; 4; 102; 5056
2; 4; 103; 6809
2; 4; 104; 1805
2; 4; 105; 2306
2; 4; 106; 15142
2; 4; 107; 1755
2; 4; 108; 23070
2; 4; 109; 5189
2; 4; 110; 1181
2; 4; 111; 6887
2; 4; 112; 6286
2; 4; 113; 4987
2; 4; 114; 2949
2; 4; 115; 4910
2; 4; 116; 2184
2; 4; 117; 31661
2; 4; 118; 6503
2; 4; 119; 8361
2; 4; 120; 7309
2; 4; 121; 1585
2; 4; 122; 18872
2; 4; 123; 4235
2; 4; 124; 2100
2; 4; 125; 892
2; 4; 126; 6587
2; 4; 127; 5205
2; 4; 128; 31658
2; 4; 129; 31663
2; 4; 130; 32823
2; 4; 131; 4852
2; 4; 132; 4829
2; 4; 133; 4746
2; 4; 134; 3140
2; 4; 135; 2091
2; 4; 136; 28315
2; 4; 137; 5141
2; 4; 138; 4773
2; 4; 139; 6316
2; 4; 140; 4831
2; 4; 141; 22296
2; 4; 142; 32568
2; 4; 143; 4775
2; 4; 144; 325
2; 4; 145; 5126
2; 4; 146; 5111
2; 4; 147; 5204
2; 4; 148; 3018
2; 4; 149; 2682
2; 4; 150; 4935
2; 4; 151; 2627
2; 4; 152; 28825
2; 4; 153; 32889
2; 4; 154; 6315
2; 4; 155; 4524
2; 4; 156; 7357
2; 4; 157; 7373
2; 4; 158; 7371
2; 4; 159; 16960
2; 4; 160; 7365
2; 4; 161; 7355
2; 4; 162; 7359
2; 4; 163; 24306
2; 4; 164; 0
1; 4; 165; 358
1; 4; 166; 3223
1; 4; 167; 363
1; 4; 168; 33666
1; 4; 169; 20512
1; 4; 170; 5804
1; 4; 171; 6289
1; 4; 172; 8413
1; 4; 173; 8030
1; 4; 174; 5856
1; 4; 175; 5636
1; 4; 176; 5787
1; 4; 177; 5097
1; 4; 178; 8244
1; 4; 179; 6224
1; 4; 180; 24162
1; 4; 181; 5004
1; 4; 182; 5116
1; 4; 183; 19377
1; 4; 184; 1959
1; 4; 185; 17907
1; 4; 186; 6147
1; 4; 187; 4934
1; 4; 188; 15760
1; 4; 189; 122
1; 4; 190; 25678
1; 4; 191; 33211
1; 4; 192; 4752
1; 4; 193; 34219
1; 4; 194; 7480
1; 4; 195; 5039
1; 4; 196; 34121
1; 4; 197; 32559
1; 4; 198; 5127
1; 4; 199; 5050
1; 4; 200; 6603
1; 4; 201; 31548
1; 4; 202; 4903
1; 4; 203; 24125
1; 4; 204; 5550
1; 4; 205; 1751
1; 4; 206; 8414
1; 4; 207; 1739
1; 4; 208; 4783
1; 4; 209; 7541
1; 4; 210; 5052
1; 4; 211; 7308
1; 4; 212; 8141
1; 4; 213; 5128
1; 4; 214; 5929
1; 4; 215; 4992
1; 4; 216; 26079
1; 4; 217; 5015
1; 4; 218; 5005
1; 4; 219; 18
1; 4; 220; 29730
1; 4; 221; 4991
1; 4; 222; 6359
1; 4; 223; 19155
1; 4; 224; 5061
1; 4; 225; 5107
1; 4; 226; 29035
1; 4; 227; 30528
1; 4; 228; 5170
1; 4; 229; 4957
1; 4; 230; 5140
1; 4; 231; 4955
1; 4; 232; 5176
1; 4; 233; 4945
1; 4; 234; 5152
1; 4; 235; 5571
1; 4; 236; 5109
1; 4; 237; 5144
1; 4; 238; 4608
1; 4; 239; 5058
1; 4; 240; 8412
1; 4; 241; 5832
1; 4; 242; 28125
1; 4; 243; 4772
1; 4; 244; 2334
1; 4; 245; 29250
1; 4; 246; 19087
1; 4; 247; 5983
1; 4; 248; 5239
1; 4; 249; 5175
1; 4; 250; 4824
1; 4; 251; 5105
1; 4; 252; 4857
1; 4; 253; 5190
1; 4; 254; 8319
1; 4; 255; 15487
1; 4; 256; 1601
1; 4; 257; 6395
1; 4; 258; 820
1; 4; 259; 3349
1; 4; 260; 4801
1; 4; 261; 5053
1; 4; 262; 4949
1; 4; 263; 4823
1; 4; 264; 29175
1; 4; 265; 19000
1; 4; 266; 661
1; 4; 267; 1188
1; 4; 268; 5878
1; 4; 269; 996
1; 4; 270; 1303
1; 4; 271; 7610
1; 4; 272; 26243
1; 4; 273; 29647
1; 4; 274; 18835
1; 4; 275; 14930
1; 4; 276; 26414
1; 4; 277; 27465
1; 4; 278; 25908
1; 4; 279; 30157
1; 4; 280; 1518
1; 4; 281; 34544
1; 4; 282; 4319
1; 4; 283; 1241
1; 4; 284; 868
1; 4; 285; 1336
1; 4; 286; 22253
1; 4; 287; 31588
1; 4; 288; 6169
1; 4; 289; 6863
1; 4; 290; 32096
1; 4; 291; 6260
1; 4; 292; 31801
1; 4; 293; 859
1; 4; 294; 1230
1; 4; 295; 1599
1; 4; 296; 4736
1; 4; 297; 23621
1; 4; 298; 5344
1; 4; 299; 28702
1; 4; 300; 3322
1; 4; 301; 885
1; 4; 302; 1179
1; 4; 303; 18283
1; 4; 304; 34684
1; 4; 305; 32681
1; 4; 306; 8316
1; 4; 307; 753
1; 4; 308; 28022
1; 4; 309; 1178
1; 4; 310; 4153
1; 4; 311; 23456
1; 4; 312; 5553
1; 4; 313; 143
1; 4; 314; 16661
1; 4; 315; 6895
1; 4; 316; 1228
1; 4; 317; 23160
1; 4; 318; 14927
1; 4; 319; 23590
1; 4; 320; 25543
1; 4; 321; 34343
1; 4; 322; 17733
1; 4; 323; 20844
1; 4; 324; 26317
1; 4; 325; 30863
1; 4; 326; 27158
1; 4; 327; 30075
1; 4; 328; 32245
1; 4; 329; 0
2; 4; 330; 33346
2; 4; 331; 0
