1; 0; 1; 1854
1; 0; 2; 0
2; 0; 3; 33236
2; 0; 4; 0
1; 0; 5; 4829
1; 0; 6; 5131
1; 0; 7; 4852
1; 0; 8; 31663
1; 0; 9; 32823
1; 0; 10; 31658
1; 0; 11; 31661
1; 0; 12; 4746
1; 0; 13; 4767
1; 0; 14; 5063
1; 0; 15; 603
1; 0; 16; 30730
1; 0; 17; 28516
1; 0; 18; 15767
1; 0; 19; 406
1; 0; 20; 4858
1; 0; 21; 5037
1; 0; 22; 34582
1; 0; 23; 31151
1; 0; 24; 24882
1; 0; 25; 27365
1; 0; 26; 7097
1; 0; 27; 162
1; 0; 28; 930
1; 0; 29; 1223
1; 0; 30; 30382
1; 0; 31; 844
1; 0; 32; 1069
1; 0; 33; 934
1; 0; 34; 808
1; 0; 35; 850
1; 0; 36; 29626
1; 0; 37; 27137
1; 0; 38; 1085
1; 0; 39; 30657
1; 0; 40; 7430
1; 0; 41; 25584
1; 0; 42; 33781
1; 0; 43; 2652
1; 0; 44; 1063
1; 0; 45; 141
1; 0; 46; 1000
1; 0; 47; 574
1; 0; 48; 550
1; 0; 49; 8234
1; 0; 50; 5229
1; 0; 51; 32300
1; 0; 52; 15674
1; 0; 53; 768
1; 0; 54; 8202
1; 0; 55; 24180
1; 0; 56; 31469
1; 0; 57; 32946
1; 0; 58; 8607
1; 0; 59; 24528
1; 0; 60; 767
1; 0; 61; 7316
1; 0; 62; 8201
1; 0; 63; 23726
1; 0; 64; 34650
1; 0; 65; 34646
1; 0; 66; 7477
1; 0; 67; 571
1; 0; 68; 1007
1; 0; 69; 7472
1; 0; 70; 26373
1; 0; 71; 4333
1; 0; 72; 6527
1; 0; 73; 26265
1; 0; 74; 256
1; 0; 75; 204
1; 0; 76; 205
1; 0; 77; 1957
1; 0; 78; 29246
1; 0; 79; 16326
1; 0; 80; 22771
1; 0; 81; 29839
1; 0; 82; 2094
1; 0; 83; 21297
1; 0; 84; 28517
1; 0; 85; 4367
1; 0; 86; 6912
1; 0; 87; 778
1; 0; 88; 15168
1; 0; 89; 1269
1; 0; 90; 5036
1; 0; 91; 34050
1; 0; 92; 3134
1; 0; 93; 17541
1; 0; 94; 24358
1; 0; 95; 1255
1; 0; 96; 24044
1; 0; 97; 24046
1; 0; 98; 785
1; 0; 99; 24461
1; 0; 100; 31900
1; 0; 101; 5679
1; 0; 102; 1256
1; 0; 103; 31904
1; 0; 104; 8331
1; 0; 105; 23852
1; 0; 106; 1280
1; 0; 107; 18009
1; 0; 108; 18006
1; 0; 109; 25465
1; 0; 110; 22147
1; 0; 111; 20963
1; 0; 112; 24294
1; 0; 113; 1066
1; 0; 114; 32864
1; 0; 115; 1334
1; 0; 116; 32973
1; 0; 117; 1264
1; 0; 118; 1254
1; 0; 119; 15265
1; 0; 120; 3357
1; 0; 121; 2728
1; 0; 122; 5791
1; 0; 123; 1506
1; 0; 124; 4618
1; 0; 125; 26190
1; 0; 126; 6654
1; 0; 127; 851
1; 0; 128; 1211
1; 0; 129; 2516
1; 0; 130; 29893
1; 0; 131; 1268
1; 0; 132; 29885
1; 0; 133; 5792
1; 0; 134; 3330
1; 0; 135; 32079
1; 0; 136; 1638
1; 0; 137; 2483
1; 0; 138; 859
1; 0; 139; 1246
1; 0; 140; 1247
1; 0; 141; 4779
1; 0; 142; 1336
1; 0; 143; 31801
1; 0; 144; 4736
1; 0; 145; 1599
1; 0; 146; 1230
1; 0; 147; 23621
1; 0; 148; 1179
1; 0; 149; 885
1; 0; 150; 4153
1; 0; 151; 23456
1; 0; 152; 5553
1; 0; 153; 8316
1; 0; 154; 32681
1; 0; 155; 34684
1; 0; 156; 28022
1; 0; 157; 18283
1; 0; 158; 753
1; 0; 159; 1178
1; 0; 160; 0
2; 0; 161; 33666
2; 0; 162; 23728
2; 0; 163; 5226
2; 0; 164; 4986
2; 0; 165; 4878
2; 0; 166; 18967
2; 0; 167; 30164
2; 0; 168; 1303
2; 0; 169; 701
2; 0; 170; 22483
2; 0; 171; 7646
2; 0; 172; 7009
2; 0; 173; 812
2; 0; 174; 7720
2; 0; 175; 4487
2; 0; 176; 817
2; 0; 177; 508
2; 0; 178; 33996
2; 0; 179; 1043
2; 0; 180; 23990
2; 0; 181; 935
2; 0; 182; 1013
2; 0; 183; 34306
2; 0; 184; 7083
2; 0; 185; 1669
2; 0; 186; 1731
2; 0; 187; 16093
2; 0; 188; 7070
2; 0; 189; 17665
2; 0; 190; 32109
2; 0; 191; 23955
2; 0; 192; 8188
2; 0; 193; 31323
2; 0; 194; 8272
2; 0; 195; 32694
2; 0; 196; 2741
2; 0; 197; 20328
2; 0; 198; 7694
2; 0; 199; 24047
2; 0; 200; 21094
2; 0; 201; 8971
2; 0; 202; 28007
2; 0; 203; 8497
2; 0; 204; 5793
2; 0; 205; 697
2; 0; 206; 1272
2; 0; 207; 1332
2; 0; 208; 31156
2; 0; 209; 30365
2; 0; 210; 3045
2; 0; 211; 34504
2; 0; 212; 1603
2; 0; 213; 5297
2; 0; 214; 27958
2; 0; 215; 1228
2; 0; 216; 6895
2; 0; 217; 143
2; 0; 218; 15958
2; 0; 219; 14927
2; 0; 220; 30440
2; 0; 221; 27561
2; 0; 222; 4359
2; 0; 223; 19168
2; 0; 224; 33
2; 0; 225; 32245
2; 0; 226; 31750
2; 0; 227; 29399
2; 0; 228; 29398
2; 0; 229; 32776
2; 0; 230; 19186
2; 0; 231; 8444
2; 0; 232; 29598
2; 0; 233; 1008
2; 0; 234; 21839
2; 0; 235; 32950
2; 0; 236; 5762
2; 0; 237; 26763
2; 0; 238; 846
2; 0; 239; 28546
2; 0; 240; 3115
2; 0; 241; 984
2; 0; 242; 24164
2; 0; 243; 23862
2; 0; 244; 927
2; 0; 245; 33226
2; 0; 246; 33306
2; 0; 247; 23876
2; 0; 248; 890
2; 0; 249; 958
2; 0; 250; 959
2; 0; 251; 30199
2; 0; 252; 30758
2; 0; 253; 29973
2; 0; 254; 17439
2; 0; 255; 3329
2; 0; 256; 1566
2; 0; 257; 3238
2; 0; 258; 843
2; 0; 259; 1640
2; 0; 260; 945
2; 0; 261; 16472
2; 0; 262; 33318
2; 0; 263; 22341
2; 0; 264; 865
2; 0; 265; 18716
2; 0; 266; 27934
2; 0; 267; 24163
2; 0; 268; 31485
2; 0; 269; 6478
2; 0; 270; 26046
2; 0; 271; 4354
2; 0; 272; 5682
2; 0; 273; 562
2; 0; 274; 30375
2; 0; 275; 25920
2; 0; 276; 2191
2; 0; 277; 2188
2; 0; 278; 0
1; 1; 1; 28495
1; 1; 2; 34672
1; 1; 3; 7774
1; 1; 4; 3223
1; 1; 5; 363
1; 1; 6; 31020
1; 1; 7; 358
1; 1; 8; 28899
1; 1; 9; 0
2; 1; 10; 7772
2; 1; 11; 0
1; 1; 12; 0
2; 1; 13; 3219
2; 1; 14; 20215
2; 1; 15; 34762
2; 1; 16; 8365
2; 1; 17; 27327
2; 1; 18; 8361
2; 1; 19; 1903
2; 1; 20; 8413
2; 1; 21; 6010
2; 1; 22; 20231
2; 1; 23; 19546
2; 1; 24; 8030
2; 1; 25; 325
2; 1; 26; 820
2; 1; 27; 33024
2; 1; 28; 6887
2; 1; 29; 5202
2; 1; 30; 3205
2; 1; 31; 29921
2; 1; 32; 17201
2; 1; 33; 4992
2; 1; 34; 4988
2; 1; 35; 5407
2; 1; 36; 5929
2; 1; 37; 5128
2; 1; 38; 5176
2; 1; 39; 4945
2; 1; 40; 5097
2; 1; 41; 8244
2; 1; 42; 5055
2; 1; 43; 1758
2; 1; 44; 4844
2; 1; 45; 5010
2; 1; 46; 2353
2; 1; 47; 15458
2; 1; 48; 5224
2; 1; 49; 34910
2; 1; 50; 5005
2; 1; 51; 34679
2; 1; 52; 27613
2; 1; 53; 24162
2; 1; 54; 5056
2; 1; 55; 5017
2; 1; 56; 28289
2; 1; 57; 4875
2; 1; 58; 6224
2; 1; 59; 4763
2; 1; 60; 5006
2; 1; 61; 122
2; 1; 62; 5093
2; 1; 63; 30875
2; 1; 64; 32778
2; 1; 65; 1888
2; 1; 66; 25860
2; 1; 67; 1995
2; 1; 68; 17262
2; 1; 69; 2621
2; 1; 70; 32606
2; 1; 71; 6249
2; 1; 72; 1772
2; 1; 73; 6865
2; 1; 74; 22342
2; 1; 75; 1824
2; 1; 76; 24120
2; 1; 77; 31898
2; 1; 78; 4884
2; 1; 79; 3003
2; 1; 80; 4911
2; 1; 81; 32102
2; 1; 82; 30229
2; 1; 83; 7740
2; 1; 84; 2306
2; 1; 85; 15142
2; 1; 86; 2757
2; 1; 87; 7300
2; 1; 88; 1805
2; 1; 89; 4896
2; 1; 90; 1764
2; 1; 91; 1745
2; 1; 92; 4804
2; 1; 93; 1728
2; 1; 94; 895
2; 1; 95; 18
2; 1; 96; 4740
2; 1; 97; 4753
2; 1; 98; 17969
2; 1; 99; 7211
2; 1; 100; 26079
2; 1; 101; 15940
2; 1; 102; 7953
2; 1; 103; 4780
2; 1; 104; 1732
2; 1; 105; 5004
2; 1; 106; 31279
2; 1; 107; 4934
2; 1; 108; 4970
2; 1; 109; 4766
2; 1; 110; 30238
2; 1; 111; 1876
2; 1; 112; 1875
2; 1; 113; 5082
2; 1; 114; 6144
2; 1; 115; 31913
2; 1; 116; 5142
2; 1; 117; 6272
2; 1; 118; 8414
2; 1; 119; 1751
2; 1; 120; 24125
2; 1; 121; 5146
2; 1; 122; 898
2; 1; 123; 25100
2; 1; 124; 15825
2; 1; 125; 5351
2; 1; 126; 19697
2; 1; 127; 4838
2; 1; 128; 25969
2; 1; 129; 30152
2; 1; 130; 8141
2; 1; 131; 31461
2; 1; 132; 5788
2; 1; 133; 30710
2; 1; 134; 2314
2; 1; 135; 576
2; 1; 136; 30968
2; 1; 137; 20793
2; 1; 138; 4904
2; 1; 139; 29895
2; 1; 140; 33425
2; 1; 141; 5221
2; 1; 142; 31023
2; 1; 143; 20621
2; 1; 144; 21276
2; 1; 145; 21807
2; 1; 146; 25195
2; 1; 147; 21701
2; 1; 148; 3046
2; 1; 149; 17095
2; 1; 150; 5166
2; 1; 151; 25678
2; 1; 152; 4752
2; 1; 153; 7308
2; 1; 154; 4748
2; 1; 155; 6286
2; 1; 156; 4750
2; 1; 157; 1663
2; 1; 158; 5787
2; 1; 159; 29266
2; 1; 160; 4751
2; 1; 161; 1181
2; 1; 162; 15487
2; 1; 163; 6395
2; 1; 164; 4801
2; 1; 165; 5804
2; 1; 166; 4775
2; 1; 167; 32568
2; 1; 168; 4910
2; 1; 169; 26241
2; 1; 170; 8418
2; 1; 171; 6587
2; 1; 172; 1374
2; 1; 173; 1585
2; 1; 174; 2100
2; 1; 175; 4631
2; 1; 176; 795
2; 1; 177; 2680
2; 1; 178; 5232
2; 1; 179; 20512
2; 1; 180; 4524
2; 1; 181; 19473
2; 1; 182; 730
2; 1; 183; 16960
2; 1; 184; 7373
2; 1; 185; 7355
2; 1; 186; 7359
2; 1; 187; 26248
2; 1; 188; 7357
2; 1; 189; 7370
2; 1; 190; 24306
2; 1; 191; 0
1; 2; 1; 15074
1; 2; 2; 30026
1; 2; 3; 33686
1; 2; 4; 21343
1; 2; 5; 4782
1; 2; 6; 29032
1; 2; 7; 5209
1; 2; 8; 16919
1; 2; 9; 24043
1; 2; 10; 114
1; 2; 11; 6771
1; 2; 12; 16908
1; 2; 13; 32774
1; 2; 14; 26836
1; 2; 15; 6498
1; 2; 16; 23596
1; 2; 17; 2500
1; 2; 18; 22704
1; 2; 19; 7492
1; 2; 20; 28825
1; 2; 21; 32889
1; 2; 22; 4235
1; 2; 23; 31267
1; 2; 24; 19836
1; 2; 25; 31663
1; 2; 26; 5205
1; 2; 27; 31661
1; 2; 28; 4800
1; 2; 29; 2091
1; 2; 30; 5542
1; 2; 31; 31658
1; 2; 32; 3140
1; 2; 33; 4950
1; 2; 34; 21967
1; 2; 35; 4774
1; 2; 36; 5053
1; 2; 37; 23810
1; 2; 38; 5215
1; 2; 39; 4814
1; 2; 40; 4926
1; 2; 41; 32813
1; 2; 42; 24118
1; 2; 43; 16132
1; 2; 44; 1040
1; 2; 45; 25745
1; 2; 46; 4201
1; 2; 47; 29342
1; 2; 48; 22751
1; 2; 49; 34814
1; 2; 50; 936
1; 2; 51; 31183
1; 2; 52; 34669
1; 2; 53; 7980
1; 2; 54; 16759
1; 2; 55; 30824
1; 2; 56; 15180
1; 2; 57; 34612
1; 2; 58; 31152
1; 2; 59; 5473
1; 2; 60; 960
1; 2; 61; 24389
1; 2; 62; 880
1; 2; 63; 7424
1; 2; 64; 1378
1; 2; 65; 29647
1; 2; 66; 26243
1; 2; 67; 18835
1; 2; 68; 7610
1; 2; 69; 14930
1; 2; 70; 26414
1; 2; 71; 27465
1; 2; 72; 25908
1; 2; 73; 30157
1; 2; 74; 1518
1; 2; 75; 34544
1; 2; 76; 4319
1; 2; 77; 883
1; 2; 78; 20533
1; 2; 79; 1241
1; 2; 80; 1084
1; 2; 81; 16673
1; 2; 82; 24705
1; 2; 83; 836
1; 2; 84; 8333
1; 2; 85; 32711
1; 2; 86; 33070
1; 2; 87; 28702
1; 2; 88; 5344
1; 2; 89; 3322
1; 2; 90; 23160
1; 2; 91; 16661
1; 2; 92; 18720
1; 2; 93; 1605
1; 2; 94; 17733
1; 2; 95; 6181
1; 2; 96; 20844
1; 2; 97; 26317
1; 2; 98; 24229
1; 2; 99; 25704
1; 2; 100; 30075
1; 2; 101; 32370
1; 2; 102; 3197
1; 2; 103; 395
1; 2; 104; 32245
1; 2; 105; 24042
1; 2; 106; 5296
1; 2; 107; 2511
1; 2; 108; 26558
1; 2; 109; 29892
1; 2; 110; 33071
1; 2; 111; 4576
1; 2; 112; 121
1; 2; 113; 8983
1; 2; 114; 6322
1; 2; 115; 2346
1; 2; 116; 6428
1; 2; 117; 34611
1; 2; 118; 24822
1; 2; 119; 17957
1; 2; 120; 31517
1; 2; 121; 30863
1; 2; 122; 27158
1; 2; 123; 17714
1; 2; 124; 5773
1; 2; 125; 32386
1; 2; 126; 577
1; 2; 127; 6064
1; 2; 128; 5532
1; 2; 129; 34111
1; 2; 130; 32261
1; 2; 131; 2840
1; 2; 132; 8492
1; 2; 133; 932
1; 2; 134; 7867
1; 2; 135; 6255
1; 2; 136; 21147
1; 2; 137; 33991
1; 2; 138; 0
2; 2; 139; 25188
2; 2; 140; 0
1; 2; 141; 2839
1; 2; 142; 1594
1; 2; 143; 4842
1; 2; 144; 0
2; 2; 145; 33666
2; 2; 146; 33346
2; 2; 147; 0
1; 3; 1; 0
2; 3; 2; 0
1; 3; 3; 23728
1; 3; 4; 33104
1; 3; 5; 839
1; 3; 6; 3348
1; 3; 7; 5882
1; 3; 8; 2456
1; 3; 9; 6828
1; 3; 10; 23922
1; 3; 11; 733
1; 3; 12; 18837
1; 3; 13; 8233
1; 3; 14; 8033
1; 3; 15; 32168
1; 3; 16; 2741
1; 3; 17; 8584
1; 3; 18; 642
1; 3; 19; 32109
1; 3; 20; 23880
1; 3; 21; 7133
1; 3; 22; 33904
1; 3; 23; 4088
1; 3; 24; 21094
1; 3; 25; 1584
1; 3; 26; 3333
1; 3; 27; 789
1; 3; 28; 31588
1; 3; 29; 32096
1; 3; 30; 766
1; 3; 31; 6169
1; 3; 32; 6863
1; 3; 33; 1018
1; 3; 34; 29744
1; 3; 35; 4454
1; 3; 36; 28198
1; 3; 37; 2593
1; 3; 38; 6260
1; 3; 39; 22253
1; 3; 40; 868
1; 3; 41; 29975
1; 3; 42; 33002
1; 3; 43; 2241
1; 3; 44; 32079
1; 3; 45; 23106
1; 3; 46; 18887
1; 3; 47; 15945
1; 3; 48; 1246
1; 3; 49; 1247
1; 3; 50; 30149
1; 3; 51; 1590
1; 3; 52; 26401
1; 3; 53; 1273
1; 3; 54; 34366
1; 3; 55; 30825
1; 3; 56; 31156
1; 3; 57; 933
1; 3; 58; 33926
1; 3; 59; 26706
1; 3; 60; 28007
1; 3; 61; 2939
1; 3; 62; 20419
1; 3; 63; 853
1; 3; 64; 4358
1; 3; 65; 6139
1; 3; 66; 23702
1; 3; 67; 997
1; 3; 68; 3295
1; 3; 69; 1213
1; 3; 70; 783
1; 3; 71; 7791
1; 3; 72; 4337
1; 3; 73; 23391
1; 3; 74; 1174
1; 3; 75; 33840
1; 3; 76; 34374
1; 3; 77; 31608
1; 3; 78; 557
1; 3; 79; 22825
1; 3; 80; 624
1; 3; 81; 31188
1; 3; 82; 7011
1; 3; 83; 32735
1; 3; 84; 1155
1; 3; 85; 5264
1; 3; 86; 7315
1; 3; 87; 622
1; 3; 88; 7314
1; 3; 89; 573
1; 3; 90; 25776
1; 3; 91; 8290
1; 3; 92; 30815
1; 3; 93; 34199
1; 3; 94; 538
1; 3; 95; 30411
1; 3; 96; 27124
1; 3; 97; 572
1; 3; 98; 23155
1; 3; 99; 33206
1; 3; 100; 32876
1; 3; 101; 7714
1; 3; 102; 584
1; 3; 103; 23110
1; 3; 104; 6955
1; 3; 105; 25262
1; 3; 106; 7237
1; 3; 107; 6248
1; 3; 108; 537
1; 3; 109; 26046
1; 3; 110; 7730
1; 3; 111; 1067
1; 3; 112; 1017
1; 3; 113; 23726
1; 3; 114; 34650
1; 3; 115; 34646
1; 3; 116; 7072
1; 3; 117; 33947
1; 3; 118; 1934
1; 3; 119; 7437
1; 3; 120; 19375
1; 3; 121; 15674
1; 3; 122; 1583
1; 3; 123; 1324
1; 3; 124; 7618
1; 3; 125; 2862
1; 3; 126; 526
1; 3; 127; 30814
1; 3; 128; 33976
1; 3; 129; 1517
1; 3; 130; 2740
1; 3; 131; 449
1; 3; 132; 32562
1; 3; 133; 552
1; 3; 134; 25248
1; 3; 135; 15631
1; 3; 136; 32127
1; 3; 137; 2212
1; 3; 138; 23795
1; 3; 139; 28061
1; 3; 140; 7040
1; 3; 141; 2259
1; 3; 142; 1720
1; 3; 143; 34593
1; 3; 144; 5303
1; 3; 145; 620
1; 3; 146; 2191
1; 3; 147; 2188
1; 3; 148; 0
2; 3; 149; 4734
2; 3; 150; 2836
2; 3; 151; 33236
2; 3; 152; 361
2; 3; 153; 27965
2; 3; 154; 4825
2; 3; 155; 25213
2; 3; 156; 28784
2; 3; 157; 1726
2; 3; 158; 22184
2; 3; 159; 2699
2; 3; 160; 1212
2; 3; 161; 4579
2; 3; 162; 26515
2; 3; 163; 16575
2; 3; 164; 19000
2; 3; 165; 5878
2; 3; 166; 996
2; 3; 167; 972
2; 3; 168; 1188
2; 3; 169; 27100
2; 3; 170; 811
2; 3; 171; 747
2; 3; 172; 34424
2; 3; 173; 20412
2; 3; 174; 7709
2; 3; 175; 27692
2; 3; 176; 7505
2; 3; 177; 23890
2; 3; 178; 7646
2; 3; 179; 5970
2; 3; 180; 31441
2; 3; 181; 33827
2; 3; 182; 26070
2; 3; 183; 804
2; 3; 184; 26862
2; 3; 185; 1278
2; 3; 186; 31961
2; 3; 187; 33162
2; 3; 188; 1312
2; 3; 189; 20255
2; 3; 190; 1924
2; 3; 191; 24449
2; 3; 192; 24322
2; 3; 193; 20453
2; 3; 194; 20457
2; 3; 195; 751
2; 3; 196; 1083
2; 3; 197; 2714
2; 3; 198; 5036
2; 3; 199; 1255
2; 3; 200; 1267
2; 3; 201; 1268
2; 3; 202; 891
2; 3; 203; 25082
2; 3; 204; 205
2; 3; 205; 30383
2; 3; 206; 29839
2; 3; 207; 31136
2; 3; 208; 4357
2; 3; 209; 31025
2; 3; 210; 31833
2; 3; 211; 19441
2; 3; 212; 31750
2; 3; 213; 34343
2; 3; 214; 5794
2; 3; 215; 23590
2; 3; 216; 25543
2; 3; 217; 14927
2; 3; 218; 8435
2; 3; 219; 33
2; 3; 220; 32245
2; 3; 221; 15031
2; 3; 222; 33513
2; 3; 223; 6378
2; 3; 224; 28985
2; 3; 225; 5927
2; 3; 226; 651
2; 3; 227; 21589
2; 3; 228; 28367
2; 3; 229; 7226
2; 3; 230; 9490
2; 3; 231; 33226
2; 3; 232; 33306
2; 3; 233; 658
2; 3; 234; 32985
2; 3; 235; 4881
2; 3; 236; 950
2; 3; 237; 948
2; 3; 238; 25505
2; 3; 239; 8409
2; 3; 240; 24590
2; 3; 241; 5185
2; 3; 242; 28546
2; 3; 243; 6094
2; 3; 244; 1139
2; 3; 245; 34331
2; 3; 246; 1526
2; 3; 247; 6813
2; 3; 248; 19770
2; 3; 249; 25586
2; 3; 250; 7706
2; 3; 251; 949
2; 3; 252; 31047
2; 3; 253; 33740
2; 3; 254; 9016
2; 3; 255; 644
2; 3; 256; 25743
2; 3; 257; 1005
2; 3; 258; 29911
2; 3; 259; 31905
2; 3; 260; 941
2; 3; 261; 942
2; 3; 262; 31189
2; 3; 263; 32949
2; 3; 264; 33003
2; 3; 265; 30190
2; 3; 266; 34825
2; 3; 267; 30218
2; 3; 268; 30243
2; 3; 269; 30352
2; 3; 270; 30351
2; 3; 271; 30186
2; 3; 272; 30160
2; 3; 273; 34197
2; 3; 274; 29943
2; 3; 275; 25649
2; 3; 276; 946
2; 3; 277; 33839
2; 3; 278; 8369
2; 3; 279; 4721
2; 3; 280; 940
2; 3; 281; 962
2; 3; 282; 18715
2; 3; 283; 696
2; 3; 284; 5298
2; 3; 285; 34389
2; 3; 286; 23988
2; 3; 287; 964
2; 3; 288; 952
2; 3; 289; 28043
2; 3; 290; 19950
2; 3; 291; 33953
2; 3; 292; 4340
2; 3; 293; 943
2; 3; 294; 5908
2; 3; 295; 2524
2; 3; 296; 981
2; 3; 297; 4953
2; 3; 298; 15093
2; 3; 299; 2340
2; 3; 300; 1200
2; 3; 301; 24257
2; 3; 302; 5576
2; 3; 303; 993
2; 3; 304; 32746
2; 3; 305; 8669
2; 3; 306; 28987
2; 3; 307; 32952
2; 3; 308; 31051
2; 3; 309; 23982
2; 3; 310; 951
2; 3; 311; 7205
2; 3; 312; 24119
2; 3; 313; 597
2; 3; 314; 944
2; 3; 315; 30934
2; 3; 316; 810
2; 3; 317; 21064
2; 3; 318; 809
2; 3; 319; 27934
2; 3; 320; 4334
2; 3; 321; 0
1; 4; 1; 33666
1; 4; 2; 7617
1; 4; 3; 32809
1; 4; 4; 33532
1; 4; 5; 4907
1; 4; 6; 31663
1; 4; 7; 4845
1; 4; 8; 31658
1; 4; 9; 6315
1; 4; 10; 34458
1; 4; 11; 6503
1; 4; 12; 4935
1; 4; 13; 2627
1; 4; 14; 3018
1; 4; 15; 6289
1; 4; 16; 34878
1; 4; 17; 4977
1; 4; 18; 5015
1; 4; 19; 26079
1; 4; 20; 29730
1; 4; 21; 6809
1; 4; 22; 6217
1; 4; 23; 4763
1; 4; 24; 1407
1; 4; 25; 22171
1; 4; 26; 5018
1; 4; 27; 4969
1; 4; 28; 34739
1; 4; 29; 5009
1; 4; 30; 32702
1; 4; 31; 2539
1; 4; 32; 7953
1; 4; 33; 17907
1; 4; 34; 6147
1; 4; 35; 31679
1; 4; 36; 30370
1; 4; 37; 7308
1; 4; 38; 34219
1; 4; 39; 1760
1; 4; 40; 5049
1; 4; 41; 26054
1; 4; 42; 1895
1; 4; 43; 32601
1; 4; 44; 4797
1; 4; 45; 15426
1; 4; 46; 5039
1; 4; 47; 7480
1; 4; 48; 1959
1; 4; 49; 34121
1; 4; 50; 5159
1; 4; 51; 4796
1; 4; 52; 1734
1; 4; 53; 1727
1; 4; 54; 33211
1; 4; 55; 15760
1; 4; 56; 31548
1; 4; 57; 32285
1; 4; 58; 5127
1; 4; 59; 5050
1; 4; 60; 32559
1; 4; 61; 5550
1; 4; 62; 8327
1; 4; 63; 1826
1; 4; 64; 4783
1; 4; 65; 1739
1; 4; 66; 6603
1; 4; 67; 7541
1; 4; 68; 4903
1; 4; 69; 5178
1; 4; 70; 5011
1; 4; 71; 5861
1; 4; 72; 2697
1; 4; 73; 26064
1; 4; 74; 6136
1; 4; 75; 16697
1; 4; 76; 5564
1; 4; 77; 4816
1; 4; 78; 4895
1; 4; 79; 338
1; 4; 80; 16607
1; 4; 81; 34841
1; 4; 82; 4755
1; 4; 83; 5052
1; 4; 84; 28819
1; 4; 85; 4350
1; 4; 86; 23070
1; 4; 87; 5362
1; 4; 88; 1771
1; 4; 89; 5201
1; 4; 90; 5555
1; 4; 91; 2707
1; 4; 92; 6888
1; 4; 93; 7740
1; 4; 94; 1755
1; 4; 95; 2306
1; 4; 96; 2698
1; 4; 97; 30969
1; 4; 98; 20010
1; 4; 99; 2300
1; 4; 100; 19377
1; 4; 101; 5116
1; 4; 102; 4798
1; 4; 103; 4978
1; 4; 104; 5888
1; 4; 105; 5339
1; 4; 106; 5092
1; 4; 107; 4879
1; 4; 108; 24120
1; 4; 109; 5012
1; 4; 110; 5189
1; 4; 111; 5219
1; 4; 112; 29509
1; 4; 113; 2316
1; 4; 114; 6925
1; 4; 115; 4958
1; 4; 116; 18
1; 4; 117; 8410
1; 4; 118; 5729
1; 4; 119; 4994
1; 4; 120; 19987
1; 4; 121; 4956
1; 4; 122; 5636
1; 4; 123; 5048
1; 4; 124; 15272
1; 4; 125; 1625
1; 4; 126; 8368
1; 4; 127; 30809
1; 4; 128; 5114
1; 4; 129; 7104
1; 4; 130; 22296
1; 4; 131; 4831
1; 4; 132; 33849
1; 4; 133; 7161
1; 4; 134; 4974
1; 4; 135; 875
1; 4; 136; 30872
1; 4; 137; 32560
1; 4; 138; 32538
1; 4; 139; 27189
1; 4; 140; 908
1; 4; 141; 907
1; 4; 142; 317
1; 4; 143; 33203
1; 4; 144; 1774
1; 4; 145; 7357
1; 4; 146; 7365
1; 4; 147; 7355
1; 4; 148; 7359
1; 4; 149; 24306
1; 4; 150; 887
1; 4; 151; 7372
1; 4; 152; 7371
1; 4; 153; 6129
1; 4; 154; 909
1; 4; 155; 969
1; 4; 156; 21179
1; 4; 157; 0
2; 4; 158; 21335
2; 4; 159; 4823
2; 4; 160; 4949
2; 4; 161; 6168
2; 4; 162; 3292
2; 4; 163; 2949
2; 4; 164; 4987
2; 4; 165; 2184
2; 4; 166; 2682
2; 4; 167; 5038
2; 4; 168; 1601
2; 4; 169; 8319
2; 4; 170; 4957
2; 4; 171; 5144
2; 4; 172; 4857
2; 4; 173; 5190
2; 4; 174; 4772
2; 4; 175; 5832
2; 4; 176; 2334
2; 4; 177; 5175
2; 4; 178; 30528
2; 4; 179; 5105
2; 4; 180; 5239
2; 4; 181; 28125
2; 4; 182; 29250
2; 4; 183; 19087
2; 4; 184; 5140
2; 4; 185; 4824
2; 4; 186; 4955
2; 4; 187; 5170
2; 4; 188; 5983
2; 4; 189; 5152
2; 4; 190; 5571
2; 4; 191; 4608
2; 4; 192; 5107
2; 4; 193; 8412
2; 4; 194; 5058
2; 4; 195; 5109
2; 4; 196; 5061
2; 4; 197; 19155
2; 4; 198; 4991
2; 4; 199; 6359
2; 4; 200; 29035
2; 4; 201; 5141
2; 4; 202; 28315
2; 4; 203; 5126
2; 4; 204; 24078
2; 4; 205; 6316
2; 4; 206; 20690
2; 4; 207; 7941
2; 4; 208; 16580
2; 4; 209; 4773
2; 4; 210; 5856
2; 4; 211; 5111
2; 4; 212; 5204
2; 4; 213; 4985
2; 4; 214; 3349
2; 4; 215; 2832
2; 4; 216; 8211
2; 4; 217; 4981
2; 4; 218; 5080
2; 4; 219; 4815
2; 4; 220; 6340
2; 4; 221; 6587
2; 4; 222; 4851
2; 4; 223; 31661
2; 4; 224; 7309
2; 4; 225; 18872
2; 4; 226; 4749
2; 4; 227; 892
2; 4; 228; 24021
2; 4; 229; 28082
2; 4; 230; 34762
2; 4; 231; 34288
2; 4; 232; 5139
2; 4; 233; 919
2; 4; 234; 34909
2; 4; 235; 661
2; 4; 236; 29175
2; 4; 237; 27700
2; 4; 238; 881
2; 4; 239; 1065
2; 4; 240; 8363
2; 4; 241; 1015
2; 4; 242; 1064
2; 4; 243; 15911
2; 4; 244; 7753
2; 4; 245; 1602
2; 4; 246; 4234
2; 4; 247; 7747
2; 4; 248; 30812
2; 4; 249; 3308
2; 4; 250; 8131
2; 4; 251; 1012
2; 4; 252; 1221
2; 4; 253; 32895
2; 4; 254; 30165
2; 4; 255; 7979
2; 4; 256; 835
2; 4; 257; 29087
2; 4; 258; 17379
2; 4; 259; 1522
2; 4; 260; 956
2; 4; 261; 34486
2; 4; 262; 7374
2; 4; 263; 25341
2; 4; 264; 8269
2; 4; 265; 23037
2; 4; 266; 7137
2; 4; 267; 1335
2; 4; 268; 24295
2; 4; 269; 6360
2; 4; 270; 30089
2; 4; 271; 33985
2; 4; 272; 21300
2; 4; 273; 203
2; 4; 274; 29204
2; 4; 275; 1041
2; 4; 276; 3141
2; 4; 277; 30242
2; 4; 278; 33954
2; 4; 279; 688
2; 4; 280; 1068
2; 4; 281; 882
2; 4; 282; 1337
2; 4; 283; 1189
2; 4; 284; 7184
2; 4; 285; 32245
2; 4; 286; 23086
2; 4; 287; 6274
2; 4; 288; 16062
2; 4; 289; 33951
2; 4; 290; 6270
2; 4; 291; 3209
2; 4; 292; 24330
2; 4; 293; 18963
2; 4; 294; 4318
2; 4; 295; 6321
2; 4; 296; 0
1; 4; 297; 0
2; 4; 298; 2688
2; 4; 299; 0
